36028797018963968 , 
36033195333921448 , 
36037594185815384 , 
36041993574711320 , 
36046393500674816 , 
36050793963771432 , 
36055194964066736 , 
36059596501626312 , 
36063998576515752 , 
36068401188800648 , 
36072804338546608 , 
36077208025819240 , 
36081612250684160 , 
36086017013207008 , 
36090422313453408 , 
36094828151489008 , 
36099234527379464 , 
36103641441190432 , 
36108048892987584 , 
36112456882836592 , 
36116865410803144 , 
36121274476952928 , 
36125684081351640 , 
36130094224065000 , 
36134504905158720 , 
36138916124698520 , 
36143327882750136 , 
36147740179379312 , 
36152153014651792 , 
36156566388633328 , 
36160980301389688 , 
36165394752986648 , 
36169809743489976 , 
36174225272965480 , 
36178641341478944 , 
36183057949096176 , 
36187475095882992 , 
36191892781905200 , 
36196311007228640 , 
36200729771919144 , 
36205149076042560 , 
36209568919664744 , 
36213989302851544 , 
36218410225668840 , 
36222831688182504 , 
36227253690458424 , 
36231676232562496 , 
36236099314560608 , 
36240522936518680 , 
36244947098502632 , 
36249371800578384 , 
36253797042811864 , 
36258222825269016 , 
36262649148015800 , 
36267076011118160 , 
36271503414642064 , 
36275931358653488 , 
36280359843218416 , 
36284788868402832 , 
36289218434272744 , 
36293648540894144 , 
36298079188333056 , 
36302510376655488 , 
36306942105927488 , 
36311374376215088 , 
36315807187584328 , 
36320240540101264 , 
36324674433831960 , 
36329108868842480 , 
36333543845198920 , 
36337979362967344 , 
36342415422213864 , 
36346852023004568 , 
36351289165405576 , 
36355726849483008 , 
36360165075302984 , 
36364603842931640 , 
36369043152435128 , 
36373483003879584 , 
36377923397331176 , 
36382364332856064 , 
36386805810520432 , 
36391247830390464 , 
36395690392532336 , 
36400133497012272 , 
36404577143896456 , 
36409021333251112 , 
36413466065142472 , 
36417911339636752 , 
36422357156800200 , 
36426803516699072 , 
36431250419399608 , 
36435697864968080 , 
36440145853470768 , 
36444594384973936 , 
36449043459543880 , 
36453493077246904 , 
36457943238149296 , 
36462393942317384 , 
36466845189817480 , 
36471296980715912 , 
36475749315079024 , 
36480202192973160 , 
36484655614464664 , 
36489109579619904 , 
36493564088505248 , 
36498019141187080 , 
36502474737731768 , 
36506930878205728 , 
36511387562675344 , 
36515844791207032 , 
36520302563867208 , 
36524760880722304 , 
36529219741838752 , 
36533679147282992 , 
36538139097121472 , 
36542599591420656 , 
36547060630247000 , 
36551522213666992 , 
36555984341747112 , 
36560447014553840 , 
36564910232153688 , 
36569373994613160 , 
36573838301998768 , 
36578303154377032 , 
36582768551814496 , 
36587234494377688 , 
36591700982133160 , 
36596168015147464 , 
36600635593487168 , 
36605103717218848 , 
36609572386409080 , 
36614041601124448 , 
36618511361431552 , 
36622981667397000 , 
36627452519087400 , 
36631923916569376 , 
36636395859909552 , 
36640868349174576 , 
36645341384431080 , 
36649814965745728 , 
36654289093185176 , 
36658763766816096 , 
36663238986705160 , 
36667714752919064 , 
36672191065524488 , 
36676667924588152 , 
36681145330176752 , 
36685623282357016 , 
36690101781195672 , 
36694580826759440 , 
36699060419115072 , 
36703540558329328 , 
36708021244468952 , 
36712502477600720 , 
36716984257791408 , 
36721466585107800 , 
36725949459616680 , 
36730432881384856 , 
36734916850479128 , 
36739401366966328 , 
36743886430913264 , 
36748372042386776 , 
36752858201453704 , 
36757344908180904 , 
36761832162635216 , 
36766319964883520 , 
36770808314992688 , 
36775297213029592 , 
36779786659061136 , 
36784276653154208 , 
36788767195375712 , 
36793258285792568 , 
36797749924471704 , 
36802242111480032 , 
36806734846884512 , 
36811228130752080 , 
36815721963149696 , 
36820216344144312 , 
36824711273802912 , 
36829206752192472 , 
36833702779379976 , 
36838199355432424 , 
36842696480416824 , 
36847194154400176 , 
36851692377449520 , 
36856191149631864 , 
36860690471014256 , 
36865190341663736 , 
36869690761647368 , 
36874191731032200 , 
36878693249885304 , 
36883195318273768 , 
36887697936264672 , 
36892201103925104 , 
36896704821322176 , 
36901209088522992 , 
36905713905594680 , 
36910219272604352 , 
36914725189619160 , 
36919231656706232 , 
36923738673932736 , 
36928246241365816 , 
36932754359072648 , 
36937263027120400 , 
36941772245576272 , 
36946282014507440 , 
36950792333981120 , 
36955303204064512 , 
36959814624824832 , 
36964326596329312 , 
36968839118645176 , 
36973352191839680 , 
36977865815980056 , 
36982379991133576 , 
36986894717367504 , 
36991409994749112 , 
36995925823345680 , 
37000442203224504 , 
37004959134452888 , 
37009476617098128 , 
37013994651227552 , 
37018513236908472 , 
37023032374208224 , 
37027552063194152 , 
37032072303933600 , 
37036593096493936 , 
37041114440942504 , 
37045636337346704 , 
37050158785773888 , 
37054681786291472 , 
37059205338966840 , 
37063729443867400 , 
37068254101060568 , 
37072779310613768 , 
37077305072594432 , 
37081831387069992 , 
37086358254107896 , 
37090885673775608 , 
37095413646140584 , 
37099942171270304 , 
37104471249232240 , 
37109000880093880 , 
37113531063922728 , 
37118061800786288 , 
37122593090752064 , 
37127124933887592 , 
37131657330260392 , 
37136190279938000 , 
37140723782987968 , 
37145257839477856 , 
37149792449475208 , 
37154327613047616 , 
37158863330262640 , 
37163399601187880 , 
37167936425890936 , 
37172473804439400 , 
37177011736900888 , 
37181550223343016 , 
37186089263833424 , 
37190628858439744 , 
37195169007229616 , 
37199709710270704 , 
37204250967630656 , 
37208792779377152 , 
37213335145577872 , 
37217878066300496 , 
37222421541612720 , 
37226965571582248 , 
37231510156276784 , 
37236055295764064 , 
37240600990111808 , 
37245147239387744 , 
37249694043659632 , 
37254241402995208 , 
37258789317462248 , 
37263337787128512 , 
37267886812061776 , 
37272436392329832 , 
37276986528000472 , 
37281537219141496 , 
37286088465820720 , 
37290640268105960 , 
37295192626065040 , 
37299745539765792 , 
37304299009276072 , 
37308853034663720 , 
37313407615996608 , 
37317962753342600 , 
37322518446769560 , 
37327074696345392 , 
37331631502137984 , 
37336188864215232 , 
37340746782645048 , 
37345305257495352 , 
37349864288834072 , 
37354423876729144 , 
37358984021248504 , 
37363544722460104 , 
37368105980431912 , 
37372667795231896 , 
37377230166928016 , 
37381793095588280 , 
37386356581280664 , 
37390920624073176 , 
37395485224033824 , 
37400050381230624 , 
37404616095731600 , 
37409182367604800 , 
37413749196918248 , 
37418316583740008 , 
37422884528138144 , 
37427453030180704 , 
37432022089935784 , 
37436591707471448 , 
37441161882855808 , 
37445732616156960 , 
37450303907443008 , 
37454875756782072 , 
37459448164242272 , 
37464021129891760 , 
37468594653798656 , 
37473168736031128 , 
37477743376657320 , 
37482318575745416 , 
37486894333363584 , 
37491470649580000 , 
37496047524462872 , 
37500624958080384 , 
37505202950500760 , 
37509781501792216 , 
37514360612022968 , 
37518940281261256 , 
37523520509575320 , 
37528101297033416 , 
37532682643703800 , 
37537264549654736 , 
37541847014954504 , 
37546430039671384 , 
37551013623873672 , 
37555597767629664 , 
37560182471007680 , 
37564767734076024 , 
37569353556903032 , 
37573939939557032 , 
37578526882106368 , 
37583114384619392 , 
37587702447164464 , 
37592291069809952 , 
37596880252624224 , 
37601469995675672 , 
37606060299032688 , 
37610651162763664 , 
37615242586937024 , 
37619834571621176 , 
37624427116884544 , 
37629020222795576 , 
37633613889422696 , 
37638208116834360 , 
37642802905099040 , 
37647398254285192 , 
37651994164461288 , 
37656590635695824 , 
37661187668057288 , 
37665785261614184 , 
37670383416435016 , 
37674982132588304 , 
37679581410142576 , 
37684181249166360 , 
37688781649728208 , 
37693382611896664 , 
37697984135740296 , 
37702586221327664 , 
37707188868727344 , 
37711792078007928 , 
37716395849238008 , 
37721000182486176 , 
37725605077821056 , 
37730210535311256 , 
37734816555025400 , 
37739423137032136 , 
37744030281400104 , 
37748637988197944 , 
37753246257494328 , 
37757855089357920 , 
37762464483857392 , 
37767074441061440 , 
37771684961038760 , 
37776296043858040 , 
37780907689587992 , 
37785519898297352 , 
37790132670054824 , 
37794746004929160 , 
37799359902989104 , 
37803974364303400 , 
37808589388940808 , 
37813204976970104 , 
37817821128460064 , 
37822437843479472 , 
37827055122097128 , 
37831672964381832 , 
37836291370402384 , 
37840910340227624 , 
37845529873926360 , 
37850149971567448 , 
37854770633219712 , 
37859391858952024 , 
37864013648833232 , 
37868636002932216 , 
37873258921317848 , 
37877882404059016 , 
37882506451224616 , 
37887131062883560 , 
37891756239104744 , 
37896381979957096 , 
37901008285509544 , 
37905635155831032 , 
37910262590990496 , 
37914890591056896 , 
37919519156099192 , 
37924148286186352 , 
37928777981387368 , 
37933408241771216 , 
37938039067406896 , 
37942670458363408 , 
37947302414709776 , 
37951934936515008 , 
37956568023848144 , 
37961201676778216 , 
37965835895374280 , 
37970470679705384 , 
37975106029840592 , 
37979741945848976 , 
37984378427799616 , 
37989015475761608 , 
37993653089804040 , 
37998291269996024 , 
38002930016406664 , 
38007569329105096 , 
38012209208160448 , 
38016849653641856 , 
38021490665618472 , 
38026132244159448 , 
38030774389333952 , 
38035417101211152 , 
38040060379860240 , 
38044704225350392 , 
38049348637750824 , 
38053993617130728 , 
38058639163559328 , 
38063285277105848 , 
38067931957839512 , 
38072579205829568 , 
38077227021145272 , 
38081875403855872 , 
38086524354030632 , 
38091173871738832 , 
38095823957049760 , 
38100474610032696 , 
38105125830756944 , 
38109777619291824 , 
38114429975706640 , 
38119082900070720 , 
38123736392453400 , 
38128390452924024 , 
38133045081551944 , 
38137700278406512 , 
38142356043557096 , 
38147012377073080 , 
38151669279023848 , 
38156326749478792 , 
38160984788507304 , 
38165643396178808 , 
38170302572562720 , 
38174962317728456 , 
38179622631745464 , 
38184283514683184 , 
38188944966611072 , 
38193606987598584 , 
38198269577715184 , 
38202932737030360 , 
38207596465613600 , 
38212260763534392 , 
38216925630862240 , 
38221591067666664 , 
38226257074017168 , 
38230923649983304 , 
38235590795634584 , 
38240258511040576 , 
38244926796270816 , 
38249595651394888 , 
38254265076482344 , 
38258935071602768 , 
38263605636825752 , 
38268276772220896 , 
38272948477857800 , 
38277620753806080 , 
38282293600135352 , 
38286967016915264 , 
38291641004215432 , 
38296315562105520 , 
38300990690655184 , 
38305666389934080 , 
38310342660011888 , 
38315019500958288 , 
38319696912842976 , 
38324374895735640 , 
38329053449705992 , 
38333732574823744 , 
38338412271158632 , 
38343092538780384 , 
38347773377758728 , 
38352454788163432 , 
38357136770064256 , 
38361819323530944 , 
38366502448633296 , 
38371186145441080 , 
38375870414024104 , 
38380555254452152 , 
38385240666795040 , 
38389926651122592 , 
38394613207504624 , 
38399300336010984 , 
38403988036711504 , 
38408676309676048 , 
38413365154974464 , 
38418054572676624 , 
38422744562852416 , 
38427435125571712 , 
38432126260904416 , 
38436817968920432 , 
38441510249689664 , 
38446203103282040 , 
38450896529767488 , 
38455590529215944 , 
38460285101697352 , 
38464980247281672 , 
38469675966038856 , 
38474372258038888 , 
38479069123351744 , 
38483766562047416 , 
38488464574195896 , 
38493163159867184 , 
38497862319131312 , 
38502562052058288 , 
38507262358718144 , 
38511963239180928 , 
38516664693516688 , 
38521366721795472 , 
38526069324087360 , 
38530772500462408 , 
38535476250990712 , 
38540180575742368 , 
38544885474787456 , 
38549590948196104 , 
38554296996038416 , 
38559003618384528 , 
38563710815304568 , 
38568418586868680 , 
38573126933147016 , 
38577835854209728 , 
38582545350127000 , 
38587255420968992 , 
38591966066805904 , 
38596677287707920 , 
38601389083745248 , 
38606101454988104 , 
38610814401506696 , 
38615527923371256 , 
38620242020652024 , 
38624956693419248 , 
38629671941743176 , 
38634387765694072 , 
38639104165342208 , 
38643821140757864 , 
38648538692011328 , 
38653256819172904 , 
38657975522312888 , 
38662694801501592 , 
38667414656809352 , 
38672135088306488 , 
38676856096063344 , 
38681577680150264 , 
38686299840637616 , 
38691022577595752 , 
38695745891095056 , 
38700469781205912 , 
38705194247998696 , 
38709919291543832 , 
38714644911911704 , 
38719371109172752 , 
38724097883397384 , 
38728825234656048 , 
38733553163019176 , 
38738281668557216 , 
38743010751340648 , 
38747740411439928 , 
38752470648925528 , 
38757201463867944 , 
38761932856337664 , 
38766664826405200 , 
38771397374141056 , 
38776130499615752 , 
38780864202899824 , 
38785598484063808 , 
38790333343178240 , 
38795068780313688 , 
38799804795540704 , 
38804541388929872 , 
38809278560551768 , 
38814016310476976 , 
38818754638776104 , 
38823493545519744 , 
38828233030778528 , 
38832973094623072 , 
38837713737124000 , 
38842454958351968 , 
38847196758377624 , 
38851939137271616 , 
38856682095104616 , 
38861425631947296 , 
38866169747870352 , 
38870914442944464 , 
38875659717240344 , 
38880405570828688 , 
38885152003780232 , 
38889899016165688 , 
38894646608055808 , 
38899394779521320 , 
38904143530632984 , 
38908892861461568 , 
38913642772077832 , 
38918393262552560 , 
38923144332956544 , 
38927895983360576 , 
38932648213835464 , 
38937401024452016 , 
38942154415281056 , 
38946908386393416 , 
38951662937859944 , 
38956418069751472 , 
38961173782138872 , 
38965930075093000 , 
38970686948684736 , 
38975444402984960 , 
38980202438064568 , 
38984961053994456 , 
38989720250845528 , 
38994480028688712 , 
38999240387594928 , 
39004001327635112 , 
39008762848880208 , 
39013524951401168 , 
39018287635268952 , 
39023050900554528 , 
39027814747328880 , 
39032579175662984 , 
39037344185627856 , 
39042109777294480 , 
39046875950733872 , 
39051642706017064 , 
39056410043215072 , 
39061177962398952 , 
39065946463639736 , 
39070715547008488 , 
39075485212576264 , 
39080255460414152 , 
39085026290593232 , 
39089797703184576 , 
39094569698259312 , 
39099342275888520 , 
39104115436143344 , 
39108889179094888 , 
39113663504814296 , 
39118438413372704 , 
39123213904841280 , 
39127989979291168 , 
39132766636793536 , 
39137543877419576 , 
39142321701240464 , 
39147100108327400 , 
39151879098751584 , 
39156658672584232 , 
39161438829896568 , 
39166219570759808 , 
39171000895245208 , 
39175782803424000 , 
39180565295367448 , 
39185348371146824 , 
39190132030833384 , 
39194916274498424 , 
39199701102213232 , 
39204486514049096 , 
39209272510077344 , 
39214059090369280 , 
39218846254996232 , 
39223634004029536 , 
39228422337540528 , 
39233211255600568 , 
39238000758281016 , 
39242790845653240 , 
39247581517788608 , 
39252372774758528 , 
39257164616634376 , 
39261957043487560 , 
39266750055389504 , 
39271543652411608 , 
39276337834625328 , 
39281132602102080 , 
39285927954913328 , 
39290723893130520 , 
39295520416825120 , 
39300317526068608 , 
39305115220932464 , 
39309913501488176 , 
39314712367807248 , 
39319511819961184 , 
39324311858021512 , 
39329112482059744 , 
39333913692147424 , 
39338715488356088 , 
39343517870757296 , 
39348320839422608 , 
39353124394423592 , 
39357928535831824 , 
39362733263718904 , 
39367538578156408 , 
39372344479215952 , 
39377150966969152 , 
39381958041487624 , 
39386765702843000 , 
39391573951106928 , 
39396382786351040 , 
39401192208647008 , 
39406002218066496 , 
39410812814681176 , 
39415623998562728 , 
39420435769782848 , 
39425248128413240 , 
39430061074525600 , 
39434874608191664 , 
39439688729483152 , 
39444503438471800 , 
39449318735229352 , 
39454134619827568 , 
39458951092338192 , 
39463768152833016 , 
39468585801383808 , 
39473404038062368 , 
39478222862940472 , 
39483042276089952 , 
39487862277582600 , 
39492682867490256 , 
39497504045884744 , 
39502325812837904 , 
39507148168421592 , 
39511971112707664 , 
39516794645767992 , 
39521618767674440 , 
39526443478498904 , 
39531268778313272 , 
39536094667189456 , 
39540921145199352 , 
39545748212414896 , 
39550575868908000 , 
39555404114750616 , 
39560232950014688 , 
39565062374772168 , 
39569892389095016 , 
39574722993055216 , 
39579554186724744 , 
39584385970175584 , 
39589218343479744 , 
39594051306709224 , 
39598884859936048 , 
39603719003232240 , 
39608553736669840 , 
39613389060320880 , 
39618224974257408 , 
39623061478551504 , 
39627898573275224 , 
39632736258500648 , 
39637574534299864 , 
39642413400744968 , 
39647252857908064 , 
39652092905861272 , 
39656933544676704 , 
39661774774426496 , 
39666616595182792 , 
39671459007017728 , 
39676302010003480 , 
39681145604212200 , 
39685989789716064 , 
39690834566587264 , 
39695679934897992 , 
39700525894720440 , 
39705372446126832 , 
39710219589189368 , 
39715067323980296 , 
39719915650571848 , 
39724764569036256 , 
39729614079445792 , 
39734464181872712 , 
39739314876389288 , 
39744166163067800 , 
39749018041980544 , 
39753870513199808 , 
39758723576797904 , 
39763577232847160 , 
39768431481419880 , 
39773286322588416 , 
39778141756425096 , 
39782997783002280 , 
39787854402392336 , 
39792711614667616 , 
39797569419900512 , 
39802427818163400 , 
39807286809528688 , 
39812146394068776 , 
39817006571856064 , 
39821867342963000 , 
39826728707461992 , 
39831590665425488 , 
39836453216925944 , 
39841316362035808 , 
39846180100827552 , 
39851044433373648 , 
39855909359746576 , 
39860774880018840 , 
39865640994262944 , 
39870507702551384 , 
39875375004956680 , 
39880242901551376 , 
39885111392408000 , 
39889980477599096 , 
39894850157197224 , 
39899720431274944 , 
39904591299904832 , 
39909462763159472 , 
39914334821111448 , 
39919207473833360 , 
39924080721397816 , 
39928954563877440 , 
39933829001344848 , 
39938704033872680 , 
39943579661533584 , 
39948455884400208 , 
39953332702545208 , 
39958210116041264 , 
39963088124961048 , 
39967966729377248 , 
39972845929362568 , 
39977725724989712 , 
39982606116331384 , 
39987487103460320 , 
39992368686449248 , 
39997250865370912 , 
40002133640298056 , 
40007017011303440 , 
40011900978459840 , 
40016785541840024 , 
40021670701516776 , 
40026556457562904 , 
40031442810051192 , 
40036329759054472 , 
40041217304645552 , 
40046105446897264 , 
40050994185882456 , 
40055883521673960 , 
40060773454344648 , 
40065663983967384 , 
40070555110615032 , 
40075446834360480 , 
40080339155276624 , 
40085232073436360 , 
40090125588912608 , 
40095019701778272 , 
40099914412106296 , 
40104809719969608 , 
40109705625441152 , 
40114602128593888 , 
40119499229500776 , 
40124396928234792 , 
40129295224868912 , 
40134194119476128 , 
40139093612129448 , 
40143993702901864 , 
40148894391866408 , 
40153795679096104 , 
40158697564663976 , 
40163600048643072 , 
40168503131106448 , 
40173406812127168 , 
40178311091778304 , 
40183215970132920 , 
40188121447264128 , 
40193027523245000 , 
40197934198148664 , 
40202841472048224 , 
40207749345016800 , 
40212657817127536 , 
40217566888453568 , 
40222476559068048 , 
40227386829044136 , 
40232297698455000 , 
40237209167373816 , 
40242121235873776 , 
40247033904028064 , 
40251947171909904 , 
40256861039592488 , 
40261775507149056 , 
40266690574652824 , 
40271606242177048 , 
40276522509794960 , 
40281439377579832 , 
40286356845604928 , 
40291274913943520 , 
40296193582668896 , 
40301112851854344 , 
40306032721573176 , 
40310953191898704 , 
40315874262904240 , 
40320795934663112 , 
40325718207248672 , 
40330641080734256 , 
40335564555193224 , 
40340488630698944 , 
40345413307324792 , 
40350338585144144 , 
40355264464230392 , 
40360190944656944 , 
40365118026497216 , 
40370045709824608 , 
40374973994712568 , 
40379902881234520 , 
40384832369463912 , 
40389762459474208 , 
40394693151338864 , 
40399624445131352 , 
40404556340925152 , 
40409488838793768 , 
40414421938810688 , 
40419355641049432 , 
40424289945583504 , 
40429224852486432 , 
40434160361831768 , 
40439096473693040 , 
40444033188143808 , 
40448970505257632 , 
40453908425108096 , 
40458846947768760 , 
40463786073313232 , 
40468725801815104 , 
40473666133347976 , 
40478607067985480 , 
40483548605801232 , 
40488490746868864 , 
40493433491262024 , 
40498376839054368 , 
40503320790319552 , 
40508265345131248 , 
40513210503563144 , 
40518156265688912 , 
40523102631582264 , 
40528049601316896 , 
40532997174966528 , 
40537945352604896 , 
40542894134305712 , 
40547843520142736 , 
40552793510189704 , 
40557744104520392 , 
40562695303208568 , 
40567647106328000 , 
40572599513952480 , 
40577552526155808 , 
40582506143011792 , 
40587460364594240 , 
40592415190976976 , 
40597370622233832 , 
40602326658438656 , 
40607283299665296 , 
40612240545987616 , 
40617198397479472 , 
40622156854214752 , 
40627115916267336 , 
40632075583711128 , 
40637035856620032 , 
40641996735067952 , 
40646958219128816 , 
40651920308876560 , 
40656883004385128 , 
40661846305728456 , 
40666810212980512 , 
40671774726215272 , 
40676739845506696 , 
40681705570928776 , 
40686671902555512 , 
40691638840460904 , 
40696606384718968 , 
40701574535403728 , 
40706543292589208 , 
40711512656349448 , 
40716482626758504 , 
40721453203890432 , 
40726424387819304 , 
40731396178619184 , 
40736368576364168 , 
40741341581128352 , 
40746315192985832 , 
40751289412010720 , 
40756264238277144 , 
40761239671859232 , 
40766215712831120 , 
40771192361266960 , 
40776169617240912 , 
40781147480827144 , 
40786125952099824 , 
40791105031133152 , 
40796084718001304 , 
40801065012778488 , 
40806045915538928 , 
40811027426356832 , 
40816009545306432 , 
40820992272461976 , 
40825975607897704 , 
40830959551687880 , 
40835944103906760 , 
40840929264628632 , 
40845915033927768 , 
40850901411878472 , 
40855888398555048 , 
40860875994031800 , 
40865864198383056 , 
40870853011683136 , 
40875842434006392 , 
40880832465427160 , 
40885823106019808 , 
40890814355858696 , 
40895806215018200 , 
40900798683572704 , 
40905791761596608 , 
40910785449164304 , 
40915779746350208 , 
40920774653228752 , 
40925770169874344 , 
40930766296361440 , 
40935763032764488 , 
40940760379157936 , 
40945758335616256 , 
40950756902213920 , 
40955756079025408 , 
40960755866125232 , 
40965756263587872 , 
40970757271487856 , 
40975758889899704 , 
40980761118897936 , 
40985763958557096 , 
40990767408951728 , 
40995771470156400 , 
41000776142245664 , 
41005781425294112 , 
41010787319376312 , 
41015793824566872 , 
41020800940940384 , 
41025808668571464 , 
41030817007534736 , 
41035825957904824 , 
41040835519756368 , 
41045845693164024 , 
41050856478202440 , 
41055867874946288 , 
41060879883470240 , 
41065892503848984 , 
41070905736157216 , 
41075919580469632 , 
41080934036860944 , 
41085949105405880 , 
41090964786179168 , 
41095981079255544 , 
41100997984709760 , 
41106015502616576 , 
41111033633050752 , 
41116052376087072 , 
41121071731800312 , 
41126091700265280 , 
41131112281556760 , 
41136133475749584 , 
41141155282918560 , 
41146177703138520 , 
41151200736484312 , 
41156224383030776 , 
41161248642852776 , 
41166273516025184 , 
41171299002622864 , 
41176325102720704 , 
41181351816393608 , 
41186379143716472 , 
41191407084764216 , 
41196435639611752 , 
41201464808334024 , 
41206494591005960 , 
41211524987702512 , 
41216555998498648 , 
41221587623469328 , 
41226619862689528 , 
41231652716234240 , 
41236686184178448 , 
41241720266597176 , 
41246754963565416 , 
41251790275158208 , 
41256826201450576 , 
41261862742517560 , 
41266899898434216 , 
41271937669275600 , 
41276976055116784 , 
41282015056032832 , 
41287054672098848 , 
41292094903389920 , 
41297135749981160 , 
41302177211947672 , 
41307219289364592 , 
41312261982307040 , 
41317305290850160 , 
41322349215069112 , 
41327393755039048 , 
41332438910835144 , 
41337484682532576 , 
41342531070206536 , 
41347578073932208 , 
41352625693784808 , 
41357673929839552 , 
41362722782171664 , 
41367772250856376 , 
41372822335968928 , 
41377873037584576 , 
41382924355778584 , 
41387976290626216 , 
41393028842202752 , 
41398082010583488 , 
41403135795843720 , 
41408190198058752 , 
41413245217303904 , 
41418300853654496 , 
41423357107185864 , 
41428413977973360 , 
41433471466092328 , 
41438529571618128 , 
41443588294626144 , 
41448647635191752 , 
41453707593390336 , 
41458768169297304 , 
41463829362988056 , 
41468891174538016 , 
41473953604022608 , 
41479016651517272 , 
41484080317097448 , 
41489144600838592 , 
41494209502816168 , 
41499275023105648 , 
41504341161782520 , 
41509407918922264 , 
41514475294600392 , 
41519543288892408 , 
41524611901873832 , 
41529681133620192 , 
41534750984207024 , 
41539821453709880 , 
41544892542204304 , 
41549964249765880 , 
41555036576470168 , 
41560109522392752 , 
41565183087609232 , 
41570257272195200 , 
41575332076226280 , 
41580407499778080 , 
41585483542926240 , 
41590560205746392 , 
41595637488314192 , 
41600715390705288 , 
41605793912995352 , 
41610873055260056 , 
41615952817575088 , 
41621033200016136 , 
41626114202658920 , 
41631195825579136 , 
41636278068852512 , 
41641360932554784 , 
41646444416761688 , 
41651528521548976 , 
41656613246992400 , 
41661698593167736 , 
41666784560150760 , 
41671871148017256 , 
41676958356843024 , 
41682046186703864 , 
41687134637675592 , 
41692223709834040 , 
41697313403255032 , 
41702403718014416 , 
41707494654188040 , 
41712586211851760 , 
41717678391081456 , 
41722771191953000 , 
41727864614542288 , 
41732958658925216 , 
41738053325177680 , 
41743148613375616 , 
41748244523594928 , 
41753341055911568 , 
41758438210401472 , 
41763535987140600 , 
41768634386204904 , 
41773733407670368 , 
41778833051612968 , 
41783933318108696 , 
41789034207233544 , 
41794135719063528 , 
41799237853674672 , 
41804340611142992 , 
41809443991544536 , 
41814547994955344 , 
41819652621451472 , 
41824757871108984 , 
41829863744003960 , 
41834970240212472 , 
41840077359810624 , 
41845185102874512 , 
41850293469480256 , 
41855402459703960 , 
41860512073621768 , 
41865622311309816 , 
41870733172844248 , 
41875844658301232 , 
41880956767756920 , 
41886069501287504 , 
41891182858969160 , 
41896296840878080 , 
41901411447090480 , 
41906526677682560 , 
41911642532730552 , 
41916759012310688 , 
41921876116499208 , 
41926993845372368 , 
41932112199006416 , 
41937231177477624 , 
41942350780862280 , 
41947471009236664 , 
41952591862677080 , 
41957713341259824 , 
41962835445061224 , 
41967958174157600 , 
41973081528625280 , 
41978205508540624 , 
41983330113979968 , 
41988455345019688 , 
41993581201736144 , 
41998707684205728 , 
42003834792504824 , 
42008962526709832 , 
42014090886897168 , 
42019219873143248 , 
42024349485524488 , 
42029479724117336 , 
42034610588998240 , 
42039742080243656 , 
42044874197930040 , 
42050006942133880 , 
42055140312931648 , 
42060274310399840 , 
42065408934614960 , 
42070544185653520 , 
42075680063592048 , 
42080816568507056 , 
42085953700475104 , 
42091091459572736 , 
42096229845876496 , 
42101368859462976 , 
42106508500408728 , 
42111648768790360 , 
42116789664684456 , 
42121931188167624 , 
42127073339316480 , 
42132216118207648 , 
42137359524917760 , 
42142503559523464 , 
42147648222101400 , 
42152793512728240 , 
42157939431480656 , 
42163085978435320 , 
42168233153668920 , 
42173380957258168 , 
42178529389279760 , 
42183678449810424 , 
42188828138926872 , 
42193978456705856 , 
42199129403224112 , 
42204280978558400 , 
42209433182785488 , 
42214586015982136 , 
42219739478225136 , 
42224893569591288 , 
42230048290157384 , 
42235203640000232 , 
42240359619196664 , 
42245516227823496 , 
42250673465957584 , 
42255831333675768 , 
42260989831054904 , 
42266148958171864 , 
42271308715103520 , 
42276469101926768 , 
42281630118718496 , 
42286791765555608 , 
42291954042515024 , 
42297116949673656 , 
42302280487108456 , 
42307444654896360 , 
42312609453114312 , 
42317774881839280 , 
42322940941148232 , 
42328107631118152 , 
42333274951826024 , 
42338442903348848 , 
42343611485763640 , 
42348780699147416 , 
42353950543577200 , 
42359121019130024 , 
42364292125882944 , 
42369463863913008 , 
42374636233297288 , 
42379809234112848 , 
42384982866436776 , 
42390157130346168 , 
42395332025918128 , 
42400507553229768 , 
42405683712358200 , 
42410860503380568 , 
42416037926374000 , 
42421215981415656 , 
42426394668582688 , 
42431573987952264 , 
42436753939601568 , 
42441934523607776 , 
42447115740048104 , 
42452297588999736 , 
42457480070539904 , 
42462663184745824 , 
42467846931694744 , 
42473031311463888 , 
42478216324130520 , 
42483401969771896 , 
42488588248465304 , 
42493775160288008 , 
42498962705317312 , 
42504150883630504 , 
42509339695304904 , 
42514529140417832 , 
42519719219046608 , 
42524909931268576 , 
42530101277161080 , 
42535293256801480 , 
42540485870267144 , 
42545679117635448 , 
42550872998983768 , 
42556067514389512 , 
42561262663930080 , 
42566458447682880 , 
42571654865725344 , 
42576851918134896 , 
42582049604988984 , 
42587247926365056 , 
42592446882340576 , 
42597646472993016 , 
42602846698399848 , 
42608047558638576 , 
42613249053786680 , 
42618451183921680 , 
42623653949121096 , 
42628857349462448 , 
42634061385023280 , 
42639266055881128 , 
42644471362113552 , 
42649677303798128 , 
42654883881012408 , 
42660091093834000 , 
42665298942340480 , 
42670507426609464 , 
42675716546718552 , 
42680926302745376 , 
42686136694767568 , 
42691347722862760 , 
42696559387108600 , 
42701771687582760 , 
42706984624362904 , 
42712198197526712 , 
42717412407151872 , 
42722627253316080 , 
42727842736097040 , 
42733058855572480 , 
42738275611820112 , 
42743493004917688 , 
42748711034942936 , 
42753929701973624 , 
42759149006087504 , 
42764368947362360 , 
42769589525875976 , 
42774810741706136 , 
42780032594930648 , 
42785255085627320 , 
42790478213873976 , 
42795701979748448 , 
42800926383328576 , 
42806151424692208 , 
42811377103917200 , 
42816603421081424 , 
42821830376262760 , 
42827057969539096 , 
42832286200988320 , 
42837515070688352 , 
42842744578717104 , 
42847974725152496 , 
42853205510072464 , 
42858436933554960 , 
42863668995677928 , 
42868901696519344 , 
42874135036157176 , 
42879369014669400 , 
42884603632134024 , 
42889838888629032 , 
42895074784232448 , 
42900311319022288 , 
42905548493076576 , 
42910786306473368 , 
42916024759290704 , 
42921263851606640 , 
42926503583499248 , 
42931743955046608 , 
42936984966326800 , 
42942226617417936 , 
42947468908398104 , 
42952711839345440 , 
42957955410338056 , 
42963199621454088 , 
42968444472771688 , 
42973689964369000 , 
42978936096324200 , 
42984182868715448 , 
42989430281620944 , 
42994678335118864 , 
42999927029287424 , 
43005176364204824 , 
43010426339949288 , 
43015676956599056 , 
43020928214232352 , 
43026180112927440 , 
43031432652762576 , 
43036685833816024 , 
43041939656166064 , 
43047194119890992 , 
43052449225069096 , 
43057704971778680 , 
43062961360098072 , 
43068218390105600 , 
43073476061879584 , 
43078734375498384 , 
43083993331040352 , 
43089252928583840 , 
43094513168207240 , 
43099774049988928 , 
43105035574007296 , 
43110297740340752 , 
43115560549067704 , 
43120824000266568 , 
43126088094015784 , 
43131352830393792 , 
43136618209479048 , 
43141884231350000 , 
43147150896085120 , 
43152418203762896 , 
43157686154461816 , 
43162954748260368 , 
43168223985237072 , 
43173493865470440 , 
43178764389039000 , 
43184035556021288 , 
43189307366495856 , 
43194579820541248 , 
43199852918236040 , 
43205126659658808 , 
43210401044888136 , 
43215676074002608 , 
43220951747080840 , 
43226228064201440 , 
43231505025443040 , 
43236782630884256 , 
43242060880603744 , 
43247339774680152 , 
43252619313192144 , 
43257899496218392 , 
43263180323837568 , 
43268461796128368 , 
43273743913169496 , 
43279026675039656 , 
43284310081817576 , 
43289594133581976 , 
43294878830411592 , 
43300164172385184 , 
43305450159581496 , 
43310736792079304 , 
43316024069957384 , 
43321311993294520 , 
43326600562169512 , 
43331889776661168 , 
43337179636848296 , 
43342470142809720 , 
43347761294624280 , 
43353053092370824 , 
43358345536128200 , 
43363638625975272 , 
43368932361990912 , 
43374226744254008 , 
43379521772843440 , 
43384817447838128 , 
43390113769316976 , 
43395410737358904 , 
43400708352042840 , 
43406006613447728 , 
43411305521652520 , 
43416605076736168 , 
43421905278777656 , 
43427206127855952 , 
43432507624050048 , 
43437809767438936 , 
43443112558101632 , 
43448415996117160 , 
43453720081564528 , 
43459024814522792 , 
43464330195070992 , 
43469636223288176 , 
43474942899253424 , 
43480250223045800 , 
43485558194744400 , 
43490866814428304 , 
43496176082176632 , 
43501485998068496 , 
43506796562183008 , 
43512107774599312 , 
43517419635396544 , 
43522732144653872 , 
43528045302450440 , 
43533359108865432 , 
43538673563978024 , 
43543988667867408 , 
43549304420612792 , 
43554620822293376 , 
43559937872988392 , 
43565255572777064 , 
43570573921738632 , 
43575892919952344 , 
43581212567497464 , 
43586532864453256 , 
43591853810899000 , 
43597175406913984 , 
43602497652577512 , 
43607820547968888 , 
43613144093167424 , 
43618468288252448 , 
43623793133303304 , 
43629118628399336 , 
43634444773619896 , 
43639771569044352 , 
43645099014752080 , 
43650427110822464 , 
43655755857334904 , 
43661085254368792 , 
43666415302003552 , 
43671746000318608 , 
43677077349393392 , 
43682409349307344 , 
43687742000139920 , 
43693075301970584 , 
43698409254878808 , 
43703743858944072 , 
43709079114245872 , 
43714415020863704 , 
43719751578877080 , 
43725088788365528 , 
43730426649408568 , 
43735765162085744 , 
43741104326476608 , 
43746444142660720 , 
43751784610717648 , 
43757125730726976 , 
43762467502768288 , 
43767809926921176 , 
43773153003265264 , 
43778496731880152 , 
43783841112845488 , 
43789186146240896 , 
43794531832146024 , 
43799878170640528 , 
43805225161804080 , 
43810572805716360 , 
43815921102457040 , 
43821270052105832 , 
43826619654742432 , 
43831969910446552 , 
43837320819297920 , 
43842672381376280 , 
43848024596761368 , 
43853377465532936 , 
43858730987770752 , 
43864085163554592 , 
43869439992964232 , 
43874795476079472 , 
43880151612980112 , 
43885508403745960 , 
43890865848456856 , 
43896223947192608 , 
43901582700033072 , 
43906942107058104 , 
43912302168347552 , 
43917662883981296 , 
43923024254039216 , 
43928386278601200 , 
43933748957747152 , 
43939112291556976 , 
43944476280110600 , 
43949840923487944 , 
43955206221768960 , 
43960572175033584 , 
43965938783361784 , 
43971306046833520 , 
43976673965528784 , 
43982042539527552 , 
43987411768909832 , 
43992781653755616 , 
43998152194144936 , 
44003523390157816 , 
44008895241874296 , 
44014267749374416 , 
44019640912738232 , 
44025014732045816 , 
44030389207377240 , 
44035764338812592 , 
44041140126431968 , 
44046516570315480 , 
44051893670543232 , 
44057271427195344 , 
44062649840351968 , 
44068028910093240 , 
44073408636499320 , 
44078789019650360 , 
44084170059626544 , 
44089551756508056 , 
44094934110375080 , 
44100317121307832 , 
44105700789386520 , 
44111085114691360 , 
44116470097302592 , 
44121855737300456 , 
44127242034765208 , 
44132628989777104 , 
44138016602416424 , 
44143404872763440 , 
44148793800898456 , 
44154183386901760 , 
44159573630853672 , 
44164964532834504 , 
44170356092924600 , 
44175748311204288 , 
44181141187753920 , 
44186534722653864 , 
44191928915984488 , 
44197323767826168 , 
44202719278259288 , 
44208115447364256 , 
44213512275221488 , 
44218909761911384 , 
44224307907514392 , 
44229706712110936 , 
44235106175781464 , 
44240506298606448 , 
44245907080666352 , 
44251308522041640 , 
44256710622812816 , 
44262113383060376 , 
44267516802864816 , 
44272920882306664 , 
44278325621466448 , 
44283731020424688 , 
44289137079261952 , 
44294543798058784 , 
44299951176895760 , 
44305359215853448 , 
44310767915012432 , 
44316177274453312 , 
44321587294256696 , 
44326997974503200 , 
44332409315273440 , 
44337821316648064 , 
44343233978707712 , 
44348647301533032 , 
44354061285204704 , 
44359475929803384 , 
44364891235409768 , 
44370307202104552 , 
44375723829968440 , 
44381141119082136 , 
44386559069526376 , 
44391977681381880 , 
44397396954729408 , 
44402816889649704 , 
44408237486223528 , 
44413658744531664 , 
44419080664654888 , 
44424503246673992 , 
44429926490669784 , 
44435350396723064 , 
44440774964914672 , 
44446200195325432 , 
44451626088036184 , 
44457052643127784 , 
44462479860681088 , 
44467907740776976 , 
44473336283496328 , 
44478765488920032 , 
44484195357128992 , 
44489625888204112 , 
44495057082226328 , 
44500488939276560 , 
44505921459435752 , 
44511354642784856 , 
44516788489404824 , 
44522222999376640 , 
44527658172781280 , 
44533094009699728 , 
44538530510212992 , 
44543967674402080 , 
44549405502348008 , 
44554843994131808 , 
44560283149834528 , 
44565722969537208 , 
44571163453320912 , 
44576604601266704 , 
44582046413455672 , 
44587488889968896 , 
44592932030887480 , 
44598375836292536 , 
44603820306265176 , 
44609265440886544 , 
44614711240237760 , 
44620157704399976 , 
44625604833454360 , 
44631052627482080 , 
44636501086564304 , 
44641950210782232 , 
44647400000217048 , 
44652850454949976 , 
44658301575062232 , 
44663753360635032 , 
44669205811749624 , 
44674658928487248 , 
44680112710929168 , 
44685567159156656 , 
44691022273250984 , 
44696478053293432 , 
44701934499365312 , 
44707391611547920 , 
44712849389922584 , 
44718307834570616 , 
44723766945573368 , 
44729226723012184 , 
44734687166968416 , 
44740148277523432 , 
44745610054758608 , 
44751072498755336 , 
44756535609595008 , 
44761999387359032 , 
44767463832128832 , 
44772928943985816 , 
44778394723011440 , 
44783861169287144 , 
44789328282894376 , 
44794796063914616 , 
44800264512429328 , 
44805733628520008 , 
44811203412268152 , 
44816673863755256 , 
44822144983062840 , 
44827616770272432 , 
44833089225465576 , 
44838562348723808 , 
44844036140128680 , 
44849510599761768 , 
44854985727704648 , 
44860461524038896 , 
44865937988846112 , 
44871415122207904 , 
44876892924205888 , 
44882371394921688 , 
44887850534436944 , 
44893330342833288 , 
44898810820192392 , 
44904291966595912 , 
44909773782125528 , 
44915256266862920 , 
44920739420889784 , 
44926223244287832 , 
44931707737138776 , 
44937192899524344 , 
44942678731526256 , 
44948165233226280 , 
44953652404706152 , 
44959140246047656 , 
44964628757332552 , 
44970117938642624 , 
44975607790059680 , 
44981098311665512 , 
44986589503541952 , 
44992081365770808 , 
44997573898433920 , 
45003067101613136 , 
45008560975390312 , 
45014055519847312 , 
45019550735066008 , 
45025046621128280 , 
45030543178116040 , 
45036040406111184 , 
45041538305195624 , 
45047036875451280 , 
45052536116960104 , 
45058036029804032 , 
45063536614065016 , 
45069037869825024 , 
45074539797166032 , 
45080042396170016 , 
45085545666918992 , 
45091049609494944 , 
45096554223979896 , 
45102059510455872 , 
45107565469004912 , 
45113072099709056 , 
45118579402650360 , 
45124087377910888 , 
45129596025572720 , 
45135105345717936 , 
45140615338428632 , 
45146126003786912 , 
45151637341874896 , 
45157149352774704 , 
45162662036568480 , 
45168175393338360 , 
45173689423166504 , 
45179204126135080 , 
45184719502326256 , 
45190235551822224 , 
45195752274705176 , 
45201269671057320 , 
45206787740960872 , 
45212306484498048 , 
45217825901751096 , 
45223345992802264 , 
45228866757733792 , 
45234388196627960 , 
45239910309567040 , 
45245433096633312 , 
45250956557909080 , 
45256480693476648 , 
45262005503418328 , 
45267530987816448 , 
45273057146753344 , 
45278583980311368 , 
45284111488572864 , 
45289639671620216 , 
45295168529535784 , 
45300698062401960 , 
45306228270301136 , 
45311759153315736 , 
45317290711528152 , 
45322822945020832 , 
45328355853876200 , 
45333889438176704 , 
45339423698004800 , 
45344958633442960 , 
45350494244573664 , 
45356030531479392 , 
45361567494242640 , 
45367105132945920 , 
45372643447671744 , 
45378182438502648 , 
45383722105521160 , 
45389262448809832 , 
45394803468451216 , 
45400345164527896 , 
45405887537122432 , 
45411430586317416 , 
45416974312195456 , 
45422518714839144 , 
45428063794331112 , 
45433609550753976 , 
45439155984190384 , 
45444703094722984 , 
45450250882434424 , 
45455799347407384 , 
45461348489724536 , 
45466898309468568 , 
45472448806722192 , 
45477999981568096 , 
45483551834089016 , 
45489104364367672 , 
45494657572486800 , 
45500211458529160 , 
45505766022577504 , 
45511321264714608 , 
45516877185023248 , 
45522433783586208 , 
45527991060486296 , 
45533549015806312 , 
45539107649629088 , 
45544666962037448 , 
45550226953114232 , 
45555787622942288 , 
45561348971604488 , 
45566910999183688 , 
45572473705762776 , 
45578037091424640 , 
45583601156252184 , 
45589165900328320 , 
45594731323735960 , 
45600297426558048 , 
45605864208877512 , 
45611431670777320 , 
45616999812340416 , 
45622568633649784 , 
45628138134788408 , 
45633708315839264 , 
45639279176885368 , 
45644850718009736 , 
45650422939295376 , 
45655995840825328 , 
45661569422682632 , 
45667143684950344 , 
45672718627711528 , 
45678294251049256 , 
45683870555046616 , 
45689447539786688 , 
45695025205352584 , 
45700603551827416 , 
45706182579294312 , 
45711762287836400 , 
45717342677536832 , 
45722923748478760 , 
45728505500745336 , 
45734087934419752 , 
45739671049585184 , 
45745254846324824 , 
45750839324721888 , 
45756424484859576 , 
45762010326821128 , 
45767596850689768 , 
45773184056548752 , 
45778771944481328 , 
45784360514570768 , 
45789949766900344 , 
45795539701553344 , 
45801130318613056 , 
45806721618162808 , 
45812313600285896 , 
45817906265065648 , 
45823499612585416 , 
45829093642928536 , 
45834688356178376 , 
45840283752418288 , 
45845879831731664 , 
45851476594201880 , 
45857074039912344 , 
45862672168946456 , 
45868270981387648 , 
45873870477319336 , 
45879470656824968 , 
45885071519987984 , 
45890673066891848 , 
45896275297620024 , 
45901878212256008 , 
45907481810883272 , 
45913086093585328 , 
45918691060445680 , 
45924296711547848 , 
45929903046975368 , 
45935510066811776 , 
45941117771140624 , 
45946726160045472 , 
45952335233609904 , 
45957944991917480 , 
45963555435051808 , 
45969166563096488 , 
45974778376135128 , 
45980390874251344 , 
45986004057528784 , 
45991617926051088 , 
45997232479901904 , 
46002847719164888 , 
46008463643923728 , 
46014080254262104 , 
46019697550263704 , 
46025315532012240 , 
46030934199591416 , 
46036553553084968 , 
46042173592576632 , 
46047794318150136 , 
46053415729889256 , 
46059037827877744 , 
46064660612199376 , 
46070284082937944 , 
46075908240177248 , 
46081533084001088 , 
46087158614493272 , 
46092784831737648 , 
46098411735818032 , 
46104039326818288 , 
46109667604822264 , 
46115296569913824 , 
46120926222176864 , 
46126556561695256 , 
46132187588552896 , 
46137819302833712 , 
46143451704621608 , 
46149084794000512 , 
46154718571054368 , 
46160353035867136 , 
46165988188522760 , 
46171624029105216 , 
46177260557698480 , 
46182897774386560 , 
46188535679253432 , 
46194174272383128 , 
46199813553859664 , 
46205453523767064 , 
46211094182189376 , 
46216735529210656 , 
46222377564914960 , 
46228020289386368 , 
46233663702708960 , 
46239307804966824 , 
46244952596244064 , 
46250598076624800 , 
46256244246193160 , 
46261891105033264 , 
46267538653229272 , 
46273186890865328 , 
46278835818025608 , 
46284485434794280 , 
46290135741255528 , 
46295786737493552 , 
46301438423592552 , 
46307090799636760 , 
46312743865710384 , 
46318397621897680 , 
46324052068282880 , 
46329707204950248 , 
46335363031984056 , 
46341019549468576 , 
46346676757488096 , 
46352334656126920 , 
46357993245469360 , 
46363652525599728 , 
46369312496602352 , 
46374973158561584 , 
46380634511561760 , 
46386296555687248 , 
46391959291022424 , 
46397622717651664 , 
46403286835659360 , 
46408951645129912 , 
46414617146147736 , 
46420283338797248 , 
46425950223162896 , 
46431617799329104 , 
46437286067380336 , 
46442955027401056 , 
46448624679475728 , 
46454295023688856 , 
46459966060124912 , 
46465637788868424 , 
46471310210003888 , 
46476983323615840 , 
46482657129788808 , 
46488331628607352 , 
46494006820156016 , 
46499682704519368 , 
46505359281781992 , 
46511036552028472 , 
46516714515343400 , 
46522393171811392 , 
46528072521517072 , 
46533752564545056 , 
46539433300979992 , 
46545114730906520 , 
46550796854409312 , 
46556479671573032 , 
46562163182482360 , 
46567847387221984 , 
46573532285876616 , 
46579217878530952 , 
46584904165269728 , 
46590591146177672 , 
46596278821339528 , 
46601967190840040 , 
46607656254763984 , 
46613346013196128 , 
46619036466221248 , 
46624727613924152 , 
46630419456389640 , 
46636111993702520 , 
46641805225947632 , 
46647499153209792 , 
46653193775573864 , 
46658889093124696 , 
46664585105947160 , 
46670281814126120 , 
46675979217746480 , 
46681677316893128 , 
46687376111650976 , 
46693075602104944 , 
46698775788339960 , 
46704476670440960 , 
46710178248492896 , 
46715880522580736 , 
46721583492789432 , 
46727287159203984 , 
46732991521909368 , 
46738696580990592 , 
46744402336532672 , 
46750108788620632 , 
46755815937339496 , 
46761523782774304 , 
46767232325010128 , 
46772941564132008 , 
46778651500225040 , 
46784362133374296 , 
46790073463664872 , 
46795785491181880 , 
46801498216010432 , 
46807211638235648 , 
46812925757942680 , 
46818640575216656 , 
46824356090142752 , 
46830072302806120 , 
46835789213291944 , 
46841506821685416 , 
46847225128071736 , 
46852944132536104 , 
46858663835163752 , 
46864384236039904 , 
46870105335249792 , 
46875827132878680 , 
46881549629011832 , 
46887272823734504 , 
46892996717131992 , 
46898721309289584 , 
46904446600292576 , 
46910172590226296 , 
46915899279176056 , 
46921626667227192 , 
46927354754465056 , 
46933083540975000 , 
46938813026842384 , 
46944543212152592 , 
46950274096991008 , 
46956005681443024 , 
46961737965594048 , 
46967470949529504 , 
46973204633334816 , 
46978939017095416 , 
46984674100896768 , 
46990409884824320 , 
46996146368963544 , 
47001883553399928 , 
47007621438218952 , 
47013360023506120 , 
47019099309346944 , 
47024839295826952 , 
47030579983031664 , 
47036321371046632 , 
47042063459957408 , 
47047806249849560 , 
47053549740808656 , 
47059293932920280 , 
47065038826270032 , 
47070784420943512 , 
47076530717026344 , 
47082277714604144 , 
47088025413762552 , 
47093773814587224 , 
47099522917163808 , 
47105272721577984 , 
47111023227915416 , 
47116774436261800 , 
47122526346702832 , 
47128278959324232 , 
47134032274211712 , 
47139786291451008 , 
47145541011127856 , 
47151296433328016 , 
47157052558137240 , 
47162809385641312 , 
47168566915926000 , 
47174325149077120 , 
47180084085180456 , 
47185843724321832 , 
47191604066587072 , 
47197365112062016 , 
47203126860832504 , 
47208889312984392 , 
47214652468603552 , 
47220416327775864 , 
47226180890587208 , 
47231946157123488 , 
47237712127470616 , 
47243478801714504 , 
47249246179941080 , 
47255014262236304 , 
47260783048686104 , 
47266552539376448 , 
47272322734393320 , 
47278093633822688 , 
47283865237750560 , 
47289637546262920 , 
47295410559445800 , 
47301184277385208 , 
47306958700167200 , 
47312733827877800 , 
47318509660603080 , 
47324286198429104 , 
47330063441441936 , 
47335841389727680 , 
47341620043372432 , 
47347399402462288 , 
47353179467083376 , 
47358960237321832 , 
47364741713263784 , 
47370523894995392 , 
47376306782602808 , 
47382090376172216 , 
47387874675789784 , 
47393659681541712 , 
47399445393514208 , 
47405231811793480 , 
47411018936465752 , 
47416806767617264 , 
47422595305334256 , 
47428384549702984 , 
47434174500809712 , 
47439965158740728 , 
47445756523582312 , 
47451548595420760 , 
47457341374342384 , 
47463134860433504 , 
47468929053780448 , 
47474723954469560 , 
47480519562587184 , 
47486315878219680 , 
47492112901453432 , 
47497910632374808 , 
47503709071070216 , 
47509508217626040 , 
47515308072128712 , 
47521108634664648 , 
47526909905320288 , 
47532711884182072 , 
47538514571336456 , 
47544317966869912 , 
47550122070868912 , 
47555926883419952 , 
47561732404609520 , 
47567538634524136 , 
47573345573250304 , 
47579153220874576 , 
47584961577483472 , 
47590770643163552 , 
47596580418001384 , 
47602390902083528 , 
47608202095496576 , 
47614013998327112 , 
47619826610661752 , 
47625639932587104 , 
47631453964189800 , 
47637268705556464 , 
47643084156773744 , 
47648900317928312 , 
47654717189106824 , 
47660534770395952 , 
47666353061882400 , 
47672172063652856 , 
47677991775794032 , 
47683812198392648 , 
47689633331535440 , 
47695455175309144 , 
47701277729800520 , 
47707100995096320 , 
47712924971283328 , 
47718749658448320 , 
47724575056678088 , 
47730401166059448 , 
47736227986679216 , 
47742055518624208 , 
47747883761981264 , 
47753712716837232 , 
47759542383278976 , 
47765372761393360 , 
47771203851267264 , 
47777035652987576 , 
47782868166641200 , 
47788701392315048 , 
47794535330096032 , 
47800369980071096 , 
47806205342327184 , 
47812041416951240 , 
47817878204030232 , 
47823715703651136 , 
47829553915900944 , 
47835392840866640 , 
47841232478635232 , 
47847072829293752 , 
47852913892929208 , 
47858755669628656 , 
47864598159479136 , 
47870441362567704 , 
47876285278981440 , 
47882129908807424 , 
47887975252132744 , 
47893821309044496 , 
47899668079629808 , 
47905515563975792 , 
47911363762169592 , 
47917212674298344 , 
47923062300449208 , 
47928912640709344 , 
47934763695165944 , 
47940615463906176 , 
47946467947017248 , 
47952321144586376 , 
47958175056700768 , 
47964029683447656 , 
47969885024914280 , 
47975741081187904 , 
47981597852355776 , 
47987455338505168 , 
47993313539723368 , 
47999172456097680 , 
48005032087715392 , 
48010892434663824 , 
48016753497030304 , 
48022615274902176 , 
48028477768366776 , 
48034340977511464 , 
48040204902423608 , 
48046069543190592 , 
48051934899899808 , 
48057800972638648 , 
48063667761494536 , 
48069535266554880 , 
48075403487907120 , 
48081272425638696 , 
48087142079837064 , 
48093012450589688 , 
48098883537984040 , 
48104755342107616 , 
48110627863047904 , 
48116501100892408 , 
48122375055728664 , 
48128249727644176 , 
48134125116726504 , 
48140001223063192 , 
48145878046741792 , 
48151755587849888 , 
48157633846475056 , 
48163512822704888 , 
48169392516626992 , 
48175272928328976 , 
48181154057898464 , 
48187035905423104 , 
48192918470990528 , 
48198801754688408 , 
48204685756604400 , 
48210570476826176 , 
48216455915441448 , 
48222342072537896 , 
48228228948203240 , 
48234116542525192 , 
48240004855591496 , 
48245893887489888 , 
48251783638308128 , 
48257674108133968 , 
48263565297055192 , 
48269457205159584 , 
48275349832534936 , 
48281243179269064 , 
48287137245449776 , 
48293032031164904 , 
48298927536502296 , 
48304823761549784 , 
48310720706395240 , 
48316618371126536 , 
48322516755831552 , 
48328415860598176 , 
48334315685514320 , 
48340216230667888 , 
48346117496146816 , 
48352019482039040 , 
48357922188432496 , 
48363825615415144 , 
48369729763074960 , 
48375634631499912 , 
48381540220777992 , 
48387446530997208 , 
48393353562245568 , 
48399261314611088 , 
48405169788181800 , 
48411078983045752 , 
48416988899291000 , 
48422899537005600 , 
48428810896277632 , 
48434722977195184 , 
48440635779846352 , 
48446549304319248 , 
48452463550701976 , 
48458378519082680 , 
48464294209549496 , 
48470210622190568 , 
48476127757094072 , 
48482045614348160 , 
48487964194041032 , 
48493883496260872 , 
48499803521095888 , 
48505724268634296 , 
48511645738964320 , 
48517567932174200 , 
48523490848352176 , 
48529414487586520 , 
48535338849965488 , 
48541263935577368 , 
48547189744510440 , 
48553116276853016 , 
48559043532693408 , 
48564971512119936 , 
48570900215220928 , 
48576829642084744 , 
48582759792799720 , 
48588690667454240 , 
48594622266136664 , 
48600554588935400 , 
48606487635938824 , 
48612421407235360 , 
48618355902913424 , 
48624291123061448 , 
48630227067767872 , 
48636163737121152 , 
48642101131209744 , 
48648039250122136 , 
48653978093946792 , 
48659917662772224 , 
48665857956686936 , 
48671798975779440 , 
48677740720138264 , 
48683683189851960 , 
48689626385009056 , 
48695570305698128 , 
48701514952007744 , 
48707460324026488 , 
48713406421842952 , 
48719353245545736 , 
48725300795223456 , 
48731249070964736 , 
48737198072858216 , 
48743147800992544 , 
48749098255456376 , 
48755049436338376 , 
48761001343727232 , 
48766953977711624 , 
48772907338380264 , 
48778861425821856 , 
48784816240125128 , 
48790771781378808 , 
48796728049671648 , 
48802685045092400 , 
48808642767729824 , 
48814601217672712 , 
48820560395009832 , 
48826520299830000 , 
48832480932222016 , 
48838442292274696 , 
48844404380076888 , 
48850367195717416 , 
48856330739285152 , 
48862295010868936 , 
48868260010557664 , 
48874225738440208 , 
48880192194605472 , 
48886159379142360 , 
48892127292139784 , 
48898095933686688 , 
48904065303871992 , 
48910035402784664 , 
48916006230513656 , 
48921977787147944 , 
48927950072776512 , 
48933923087488352 , 
48939896831372464 , 
48945871304517872 , 
48951846507013592 , 
48957822438948680 , 
48963799100412160 , 
48969776491493112 , 
48975754612280600 , 
48981733462863696 , 
48987713043331504 , 
48993693353773120 , 
48999674394277656 , 
49005656164934248 , 
49011638665832016 , 
49017621897060112 , 
49023605858707696 , 
49029590550863936 , 
49035575973618008 , 
49041562127059104 , 
49047549011276416 , 
49053536626359176 , 
49059524972396584 , 
49065514049477880 , 
49071503857692320 , 
49077494397129144 , 
49083485667877624 , 
49089477670027040 , 
49095470403666672 , 
49101463868885824 , 
49107458065773808 , 
49113452994419944 , 
49119448654913552 , 
49125445047343992 , 
49131442171800600 , 
49137440028372752 , 
49143438617149824 , 
49149437938221192 , 
49155437991676256 , 
49161438777604432 , 
49167440296095128 , 
49173442547237784 , 
49179445531121832 , 
49185449247836720 , 
49191453697471928 , 
49197458880116912 , 
49203464795861160 , 
49209471444794168 , 
49215478827005448 , 
49221486942584512 , 
49227495791620888 , 
49233505374204112 , 
49239515690423736 , 
49245526740369320 , 
49251538524130440 , 
49257551041796680 , 
49263564293457624 , 
49269578279202880 , 
49275592999122064 , 
49281608453304808 , 
49287624641840744 , 
49293641564819520 , 
49299659222330792 , 
49305677614464232 , 
49311696741309528 , 
49317716602956368 , 
49323737199494456 , 
49329758531013496 , 
49335780597603224 , 
49341803399353368 , 
49347826936353688 , 
49353851208693928 , 
49359876216463856 , 
49365901959753264 , 
49371928438651936 , 
49377955653249664 , 
49383983603636280 , 
49390012289901592 , 
49396041712135440 , 
49402071870427672 , 
49408102764868136 , 
49414134395546704 , 
49420166762553256 , 
49426199865977688 , 
49432233705909880 , 
49438268282439760 , 
49444303595657248 , 
49450339645652280 , 
49456376432514784 , 
49462413956334736 , 
49468452217202088 , 
49474491215206816 , 
49480530950438920 , 
49486571422988392 , 
49492612632945240 , 
49498654580399488 , 
49504697265441168 , 
49510740688160328 , 
49516784848647008 , 
49522829746991288 , 
49528875383283240 , 
49534921757612944 , 
49540968870070504 , 
49547016720746024 , 
49553065309729632 , 
49559114637111456 , 
49565164702981632 , 
49571215507430320 , 
49577267050547680 , 
49583319332423896 , 
49589372353149136 , 
49595426112813616 , 
49601480611507536 , 
49607535849321112 , 
49613591826344576 , 
49619648542668168 , 
49625705998382152 , 
49631764193576768 , 
49637823128342312 , 
49643882802769064 , 
49649943216947312 , 
49656004370967368 , 
49662066264919552 , 
49668128898894184 , 
49674192272981624 , 
49680256387272200 , 
49686321241856288 , 
49692386836824264 , 
49698453172266504 , 
49704520248273408 , 
49710588064935384 , 
49716656622342840 , 
49722725920586216 , 
49728795959755944 , 
49734866739942480 , 
49740938261236280 , 
49747010523727824 , 
49753083527507592 , 
49759157272666072 , 
49765231759293784 , 
49771306987481232 , 
49777382957318952 , 
49783459668897480 , 
49789537122307360 , 
49795615317639168 , 
49801694254983464 , 
49807773934430832 , 
49813854356071872 , 
49819935519997184 , 
49826017426297392 , 
49832100075063112 , 
49838183466384992 , 
49844267600353680 , 
49850352477059832 , 
49856438096594128 , 
49862524459047240 , 
49868611564509872 , 
49874699413072720 , 
49880788004826504 , 
49886877339861952 , 
49892967418269808 , 
49899058240140808 , 
49905149805565720 , 
49911242114635312 , 
49917335167440376 , 
49923428964071696 , 
49929523504620080 , 
49935618789176336 , 
49941714817831304 , 
49947811590675816 , 
49953909107800720 , 
49960007369296880 , 
49966106375255160 , 
49972206125766448 , 
49978306620921632 , 
49984407860811624 , 
49990509845527328 , 
49996612575159688 , 
50002716049799632 , 
50008820269538104 , 
50014925234466072 , 
50021030944674496 , 
50027137400254376 , 
50033244601296688 , 
50039352547892448 , 
50045461240132672 , 
50051570678108376 , 
50057680861910600 , 
50063791791630400 , 
50069903467358832 , 
50076015889186968 , 
50082129057205896 , 
50088242971506696 , 
50094357632180480 , 
50100473039318360 , 
50106589193011472 , 
50112706093350944 , 
50118823740427928 , 
50124942134333584 , 
50131061275159088 , 
50137181162995608 , 
50143301797934360 , 
50149423180066528 , 
50155545309483336 , 
50161668186276008 , 
50167791810535792 , 
50173916182353920 , 
50180041301821672 , 
50186167169030304 , 
50192293784071104 , 
50198421147035360 , 
50204549258014384 , 
50210678117099496 , 
50216807724382016 , 
50222938079953280 , 
50229069183904640 , 
50235201036327464 , 
50241333637313112 , 
50247466986952968 , 
50253601085338440 , 
50259735932560920 , 
50265871528711824 , 
50272007873882584 , 
50278144968164640 , 
50284282811649440 , 
50290421404428440 , 
50296560746593120 , 
50302700838234960 , 
50308841679445456 , 
50314983270316112 , 
50321125610938440 , 
50327268701403976 , 
50333412541804264 , 
50339557132230840 , 
50345702472775272 , 
50351848563529128 , 
50357995404584008 , 
50364142996031488 , 
50370291337963184 , 
50376440430470712 , 
50382590273645696 , 
50388740867579784 , 
50394892212364624 , 
50401044308091872 , 
50407197154853216 , 
50413350752740320 , 
50419505101844896 , 
50425660202258648 , 
50431816054073288 , 
50437972657380552 , 
50444130012272176 , 
50450288118839920 , 
50456446977175528 , 
50462606587370800 , 
50468766949517496 , 
50474928063707432 , 
50481089930032408 , 
50487252548584240 , 
50493415919454760 , 
50499580042735816 , 
50505744918519256 , 
50511910546896936 , 
50518076927960744 , 
50524244061802560 , 
50530411948514280 , 
50536580588187816 , 
50542749980915080 , 
50548920126788016 , 
50555091025898560 , 
50561262678338664 , 
50567435084200296 , 
50573608243575432 , 
50579782156556056 , 
50585956823234168 , 
50592132243701776 , 
50598308418050896 , 
50604485346373576 , 
50610663028761848 , 
50616841465307768 , 
50623020656103408 , 
50629200601240832 , 
50635381300812144 , 
50641562754909432 , 
50647744963624808 , 
50653927927050400 , 
50660111645278336 , 
50666296118400760 , 
50672481346509840 , 
50678667329697728 , 
50684854068056608 , 
50691041561678664 , 
50697229810656112 , 
50703418815081144 , 
50709608575046000 , 
50715799090642912 , 
50721990361964120 , 
50728182389101880 , 
50734375172148464 , 
50740568711196152 , 
50746763006337240 , 
50752958057664016 , 
50759153865268808 , 
50765350429243936 , 
50771547749681728 , 
50777745826674544 , 
50783944660314728 , 
50790144250694664 , 
50796344597906728 , 
50802545702043312 , 
50808747563196824 , 
50814950181459672 , 
50821153556924280 , 
50827357689683088 , 
50833562579828552 , 
50839768227453128 , 
50845974632649288 , 
50852181795509504 , 
50858389716126288 , 
50864598394592136 , 
50870807830999560 , 
50877018025441096 , 
50883228978009272 , 
50889440688796656 , 
50895653157895792 , 
50901866385399264 , 
50908080371399656 , 
50914295115989560 , 
50920510619261576 , 
50926726881308336 , 
50932943902222464 , 
50939161682096600 , 
50945380221023392 , 
50951599519095512 , 
50957819576405624 , 
50964040393046432 , 
50970261969110608 , 
50976484304690888 , 
50982707399879968 , 
50988931254770600 , 
50995155869455504 , 
51001381244027456 , 
51007607378579208 , 
51013834273203544 , 
51020061927993248 , 
51026290343041120 , 
51032519518439968 , 
51038749454282616 , 
51044980150661904 , 
51051211607670664 , 
51057443825401760 , 
51063676803948056 , 
51069910543402440 , 
51076145043857784 , 
51082380305407000 , 
51088616328143008 , 
51094853112158720 , 
51101090657547072 , 
51107328964401016 , 
51113568032813512 , 
51119807862877520 , 
51126048454686032 , 
51132289808332024 , 
51138531923908520 , 
51144774801508520 , 
51151018441225056 , 
51157262843151160 , 
51163508007379888 , 
51169753934004296 , 
51176000623117456 , 
51182248074812456 , 
51188496289182384 , 
51194745266320344 , 
51200995006319456 , 
51207245509272848 , 
51213496775273664 , 
51219748804415056 , 
51226001596790176 , 
51232255152492208 , 
51238509471614328 , 
51244764554249744 , 
51251020400491656 , 
51257277010433280 , 
51263534384167856 , 
51269792521788624 , 
51276051423388832 , 
51282311089061752 , 
51288571518900656 , 
51294832712998832 , 
51301094671449576 , 
51307357394346208 , 
51313620881782040 , 
51319885133850416 , 
51326150150644664 , 
51332415932258152 , 
51338682478784248 , 
51344949790316328 , 
51351217866947784 , 
51357486708772016 , 
51363756315882432 , 
51370026688372464 , 
51376297826335544 , 
51382569729865120 , 
51388842399054656 , 
51395115833997616 , 
51401390034787480 , 
51407665001517744 , 
51413940734281912 , 
51420217233173496 , 
51426494498286032 , 
51432772529713048 , 
51439051327548104 , 
51445330891884752 , 
51451611222816568 , 
51457892320437144 , 
51464174184840064 , 
51470456816118944 , 
51476740214367400 , 
51483024379679056 , 
51489309312147560 , 
51495595011866560 , 
51501881478929728 , 
51508168713430728 , 
51514456715463256 , 
51520745485121008 , 
51527035022497696 , 
51533325327687040 , 
51539616400782776 , 
51545908241878640 , 
51552200851068392 , 
51558494228445808 , 
51564788374104648 , 
51571083288138720 , 
51577378970641808 , 
51583675421707744 , 
51589972641430336 , 
51596270629903432 , 
51602569387220880 , 
51608868913476528 , 
51615169208764248 , 
51621470273177928 , 
51627772106811464 , 
51634074709758744 , 
51640378082113704 , 
51646682223970264 , 
51652987135422360 , 
51659292816563944 , 
51665599267488976 , 
51671906488291432 , 
51678214479065296 , 
51684523239904568 , 
51690832770903256 , 
51697143072155368 , 
51703454143754952 , 
51709765985796032 , 
51716078598372680 , 
51722391981578944 , 
51728706135508912 , 
51735021060256672 , 
51741336755916320 , 
51747653222581976 , 
51753970460347744 , 
51760288469307776 , 
51766607249556208 , 
51772926801187200 , 
51779247124294920 , 
51785568218973544 , 
51791890085317280 , 
51798212723420312 , 
51804536133376864 , 
51810860315281160 , 
51817185269227440 , 
51823510995309944 , 
51829837493622952 , 
51836164764260712 , 
51842492807317528 , 
51848821622887688 , 
51855151211065488 , 
51861481571945264 , 
51867812705621336 , 
51874144612188048 , 
51880477291739752 , 
51886810744370808 , 
51893144970175600 , 
51899479969248504 , 
51905815741683936 , 
51912152287576288 , 
51918489607019992 , 
51924827700109480 , 
51931166566939200 , 
51937506207603600 , 
51943846622197152 , 
51950187810814344 , 
51956529773549656 , 
51962872510497592 , 
51969216021752672 , 
51975560307409416 , 
51981905367562360 , 
51988251202306056 , 
51994597811735072 , 
52000945195943968 , 
52007293355027328 , 
52013642289079752 , 
52019991998195848 , 
52026342482470232 , 
52032693741997528 , 
52039045776872384 , 
52045398587189448 , 
52051752173043392 , 
52058106534528880 , 
52064461671740608 , 
52070817584773280 , 
52077174273721592 , 
52083531738680272 , 
52089889979744056 , 
52096248997007696 , 
52102608790565928 , 
52108969360513544 , 
52115330706945312 , 
52121692829956016 , 
52128055729640472 , 
52134419406093496 , 
52140783859409904 , 
52147149089684536 , 
52153515097012240 , 
52159881881487888 , 
52166249443206344 , 
52172617782262488 , 
52178986898751224 , 
52185356792767456 , 
52191727464406096 , 
52198098913762088 , 
52204471140930368 , 
52210844146005880 , 
52217217929083608 , 
52223592490258512 , 
52229967829625592 , 
52236343947279832 , 
52242720843316264 , 
52249098517829896 , 
52255476970915776 , 
52261856202668936 , 
52268236213184440 , 
52274617002557360 , 
52280998570882776 , 
52287380918255784 , 
52293764044771480 , 
52300147950524984 , 
52306532635611424 , 
52312918100125936 , 
52319304344163680 , 
52325691367819808 , 
52332079171189504 , 
52338467754367944 , 
52344857117450328 , 
52351247260531872 , 
52357638183707792 , 
52364029887073312 , 
52370422370723688 , 
52376815634754168 , 
52383209679260024 , 
52389604504336528 , 
52396000110078984 , 
52402396496582672 , 
52408793663942928 , 
52415191612255064 , 
52421590341614416 , 
52427989852116344 , 
52434390143856200 , 
52440791216929352 , 
52447193071431192 , 
52453595707457104 , 
52459999125102512 , 
52466403324462816 , 
52472808305633456 , 
52479214068709872 , 
52485620613787520 , 
52492027940961864 , 
52498436050328376 , 
52504844941982544 , 
52511254616019872 , 
52517665072535872 , 
52524076311626064 , 
52530488333385984 , 
52536901137911184 , 
52543314725297216 , 
52549729095639648 , 
52556144249034064 , 
52562560185576064 , 
52568976905361240 , 
52575394408485224 , 
52581812695043632 , 
52588231765132104 , 
52594651618846296 , 
52601072256281880 , 
52607493677534512 , 
52613915882699888 , 
52620338871873712 , 
52626762645151688 , 
52633187202629536 , 
52639612544402992 , 
52646038670567800 , 
52652465581219720 , 
52658893276454520 , 
52665321756367968 , 
52671751021055872 , 
52678181070614032 , 
52684611905138256 , 
52691043524724376 , 
52697475929468232 , 
52703909119465672 , 
52710343094812560 , 
52716777855604768 , 
52723213401938176 , 
52729649733908688 , 
52736086851612216 , 
52742524755144672 , 
52748963444601992 , 
52755402920080128 , 
52761843181675016 , 
52768284229482640 , 
52774726063598976 , 
52781168684120008 , 
52787612091141752 , 
52794056284760208 , 
52800501265071408 , 
52806947032171392 , 
52813393586156200 , 
52819840927121904 , 
52826289055164576 , 
52832737970380296 , 
52839187672865160 , 
52845638162715280 , 
52852089440026768 , 
52858541504895768 , 
52864994357418416 , 
52871447997690864 , 
52877902425809280 , 
52884357641869848 , 
52890813645968760 , 
52897270438202208 , 
52903728018666408 , 
52910186387457592 , 
52916645544671992 , 
52923105490405856 , 
52929566224755448 , 
52936027747817040 , 
52942490059686912 , 
52948953160461368 , 
52955417050236712 , 
52961881729109256 , 
52968347197175344 , 
52974813454531312 , 
52981280501273512 , 
52987748337498312 , 
52994216963302096 , 
53000686378781248 , 
53007156584032176 , 
53013627579151288 , 
53020099364235016 , 
53026571939379784 , 
53033045304682056 , 
53039519460238280 , 
53045994406144936 , 
53052470142498504 , 
53058946669395488 , 
53065423986932384 , 
53071902095205720 , 
53078380994312024 , 
53084860684347840 , 
53091341165409728 , 
53097822437594240 , 
53104304500997976 , 
53110787355717504 , 
53117271001849440 , 
53123755439490400 , 
53130240668737000 , 
53136726689685880 , 
53143213502433688 , 
53149701107077096 , 
53156189503712760 , 
53162678692437376 , 
53169168673347640 , 
53175659446540256 , 
53182151012111952 , 
53188643370159448 , 
53195136520779496 , 
53201630464068840 , 
53208125200124264 , 
53214620729042544 , 
53221117050920456 , 
53227614165854824 , 
53234112073942440 , 
53240610775280152 , 
53247110269964784 , 
53253610558093192 , 
53260111639762232 , 
53266613515068784 , 
53273116184109728 , 
53279619646981968 , 
53286123903782416 , 
53292628954607976 , 
53299134799555600 , 
53305641438722216 , 
53312148872204792 , 
53318657100100296 , 
53325166122505704 , 
53331675939518008 , 
53338186551234208 , 
53344697957751328 , 
53351210159166392 , 
53357723155576440 , 
53364236947078528 , 
53370751533769704 , 
53377266915747064 , 
53383783093107672 , 
53390300065948648 , 
53396817834367088 , 
53403336398460112 , 
53409855758324872 , 
53416375914058496 , 
53422896865758152 , 
53429418613521008 , 
53435941157444240 , 
53442464497625048 , 
53448988634160632 , 
53455513567148216 , 
53462039296685024 , 
53468565822868296 , 
53475093145795296 , 
53481621265563272 , 
53488150182269504 , 
53494679896011296 , 
53501210406885928 , 
53507741714990728 , 
53514273820423008 , 
53520806723280112 , 
53527340423659384 , 
53533874921658192 , 
53540410217373888 , 
53546946310903880 , 
53553483202345544 , 
53560020891796296 , 
53566559379353552 , 
53573098665114752 , 
53579638749177328 , 
53586179631638736 , 
53592721312596448 , 
53599263792147936 , 
53605807070390704 , 
53612351147422240 , 
53618896023340056 , 
53625441698241696 , 
53631988172224680 , 
53638535445386576 , 
53645083517824928 , 
53651632389637320 , 
53658182060921336 , 
53664732531774568 , 
53671283802294640 , 
53677835872579160 , 
53684388742725768 , 
53690942412832104 , 
53697496882995824 , 
53704052153314608 , 
53710608223886128 , 
53717165094808088 , 
53723722766178176 , 
53730281238094120 , 
53736840510653648 , 
53743400583954496 , 
53749961458094424 , 
53756523133171192 , 
53763085609282584 , 
53769648886526368 , 
53776212965000368 , 
53782777844802384 , 
53789343526030248 , 
53795910008781784 , 
53802477293154848 , 
53809045379247304 , 
53815614267157024 , 
53822183956981880 , 
53828754448819776 , 
53835325742768624 , 
53841897838926336 , 
53848470737390848 , 
53855044438260112 , 
53861618941632064 , 
53868194247604688 , 
53874770356275960 , 
53881347267743864 , 
53887924982106416 , 
53894503499461624 , 
53901082819907520 , 
53907662943542136 , 
53914243870463528 , 
53920825600769760 , 
53927408134558912 , 
53933991471929064 , 
53940575612978312 , 
53947160557804784 , 
53953746306506584 , 
53960332859181856 , 
53966920215928752 , 
53973508376845416 , 
53980097342030040 , 
53986687111580792 , 
53993277685595872 , 
53999869064173488 , 
54006461247411864 , 
54013054235409216 , 
54019648028263800 , 
54026242626073872 , 
54032838028937696 , 
54039434236953544 , 
54046031250219712 , 
54052629068834512 , 
54059227692896248 , 
54065827122503248 , 
54072427357753856 , 
54079028398746424 , 
54085630245579312 , 
54092232898350896 , 
54098836357159560 , 
54105440622103704 , 
54112045693281744 , 
54118651570792096 , 
54125258254733208 , 
54131865745203512 , 
54138474042301480 , 
54145083146125576 , 
54151693056774280 , 
54158303774346096 , 
54164915298939528 , 
54171527630653096 , 
54178140769585328 , 
54184754715834768 , 
54191369469499976 , 
54197985030679512 , 
54204601399471968 , 
54211218575975928 , 
54217836560289992 , 
54224455352512776 , 
54231074952742912 , 
54237695361079040 , 
54244316577619816 , 
54250938602463888 , 
54257561435709952 , 
54264185077456680 , 
54270809527802776 , 
54277434786846960 , 
54284060854687944 , 
54290687731424472 , 
54297315417155296 , 
54303943911979160 , 
54310573215994856 , 
54317203329301152 , 
54323834251996856 , 
54330465984180768 , 
54337098525951720 , 
54343731877408528 , 
54350366038650048 , 
54357001009775136 , 
54363636790882664 , 
54370273382071496 , 
54376910783440544 , 
54383548995088712 , 
54390188017114904 , 
54396827849618056 , 
54403468492697104 , 
54410109946451016 , 
54416752210978744 , 
54423395286379264 , 
54430039172751576 , 
54436683870194680 , 
54443329378807584 , 
54449975698689312 , 
54456622829938912 , 
54463270772655424 , 
54469919526937912 , 
54476569092885456 , 
54483219470597136 , 
54489870660172056 , 
54496522661709320 , 
54503175475308056 , 
54509829101067392 , 
54516483539086480 , 
54523138789464480 , 
54529794852300560 , 
54536451727693904 , 
54543109415743712 , 
54549767916549184 , 
54556427230209536 , 
54563087356824008 , 
54569748296491848 , 
54576410049312296 , 
54583072615384632 , 
54589735994808128 , 
54596400187682088 , 
54603065194105808 , 
54609731014178600 , 
54616397647999800 , 
54623065095668744 , 
54629733357284792 , 
54636402432947304 , 
54643072322755648 , 
54649743026809232 , 
54656414545207440 , 
54663086878049696 , 
54669760025435424 , 
54676433987464056 , 
54683108764235048 , 
54689784355847856 , 
54696460762401960 , 
54703137983996840 , 
54709816020732000 , 
54716494872706952 , 
54723174540021208 , 
54729855022774312 , 
54736536321065808 , 
54743218434995264 , 
54749901364662232 , 
54756585110166312 , 
54763269671607096 , 
54769955049084192 , 
54776641242697208 , 
54783328252545792 , 
54790016078729584 , 
54796704721348240 , 
54803394180501424 , 
54810084456288816 , 
54816775548810112 , 
54823467458165024 , 
54830160184453256 , 
54836853727774552 , 
54843548088228640 , 
54850243265915280 , 
54856939260934240 , 
54863636073385296 , 
54870333703368232 , 
54877032150982864 , 
54883731416328992 , 
54890431499506456 , 
54897132400615088 , 
54903834119754736 , 
54910536657025272 , 
54917240012526560 , 
54923944186358496 , 
54930649178620984 , 
54937354989413928 , 
54944061618837256 , 
54950769066990904 , 
54957477333974824 , 
54964186419888968 , 
54970896324833320 , 
54977607048907856 , 
54984318592212576 , 
54991030954847496 , 
54997744136912632 , 
55004458138508016 , 
55011172959733704 , 
55017888600689744 , 
55024605061476216 , 
55031322342193192 , 
55038040442940784 , 
55044759363819080 , 
55051479104928216 , 
55058199666368312 , 
55064921048239520 , 
55071643250641992 , 
55078366273675896 , 
55085090117441424 , 
55091814782038752 , 
55098540267568096 , 
55105266574129672 , 
55111993701823704 , 
55118721650750448 , 
55125450421010144 , 
55132180012703064 , 
55138910425929488 , 
55145641660789704 , 
55152373717384016 , 
55159106595812736 , 
55165840296176200 , 
55172574818574744 , 
55179310163108720 , 
55186046329878488 , 
55192783318984440 , 
55199521130526944 , 
55206259764606416 , 
55212999221323256 , 
55219739500777912 , 
55226480603070800 , 
55233222528302376 , 
55239965276573112 , 
55246708847983472 , 
55253453242633952 , 
55260198460625040 , 
55266944502057256 , 
55273691367031120 , 
55280439055647176 , 
55287187568005960 , 
55293936904208040 , 
55300687064353992 , 
55307438048544392 , 
55314189856879848 , 
55320942489460960 , 
55327695946388352 , 
55334450227762664 , 
55341205333684544 , 
55347961264254640 , 
55354718019573632 , 
55361475599742200 , 
55368234004861040 , 
55374993235030864 , 
55381753290352392 , 
55388514170926352 , 
55395275876853488 , 
55402038408234560 , 
55408801765170336 , 
55415565947761608 , 
55422330956109152 , 
55429096790313792 , 
55435863450476336 , 
55442630936697616 , 
55449399249078480 , 
55456168387719784 , 
55462938352722384 , 
55469709144187184 , 
55476480762215048 , 
55483253206906904 , 
55490026478363656 , 
55496800576686248 , 
55503575501975600 , 
55510351254332688 , 
55517127833858464 , 
55523905240653912 , 
55530683474820024 , 
55537462536457800 , 
55544242425668256 , 
55551023142552432 , 
55557804687211352 , 
55564587059746080 , 
55571370260257680 , 
55578154288847224 , 
55584939145615800 , 
55591724830664520 , 
55598511344094496 , 
55605298686006848 , 
55612086856502728 , 
55618875855683272 , 
55625665683649648 , 
55632456340503048 , 
55639247826344640 , 
55646040141275632 , 
55652833285397248 , 
55659627258810696 , 
55666422061617224 , 
55673217693918088 , 
55680014155814536 , 
55686811447407856 , 
55693609568799328 , 
55700408520090256 , 
55707208301381952 , 
55714008912775736 , 
55720810354372952 , 
55727612626274944 , 
55734415728583080 , 
55741219661398728 , 
55748024424823272 , 
55754830018958120 , 
55761636443904672 , 
55768443699764368 , 
55775251786638624 , 
55782060704628904 , 
55788870453836664 , 
55795681034363376 , 
55802492446310528 , 
55809304689779616 , 
55816117764872144 , 
55822931671689648 , 
55829746410333648 , 
55836561980905704 , 
55843378383507376 , 
55850195618240224 , 
55857013685205848 , 
55863832584505832 , 
55870652316241800 , 
55877472880515352 , 
55884294277428144 , 
55891116507081816 , 
55897939569578024 , 
55904763465018440 , 
55911588193504744 , 
55918413755138640 , 
55925240150021840 , 
55932067378256056 , 
55938895439943024 , 
55945724335184488 , 
55952554064082208 , 
55959384626737968 , 
55966216023253528 , 
55973048253730704 , 
55979881318271288 , 
55986715216977112 , 
55993549949950008 , 
56000385517291808 , 
56007221919104392 , 
56014059155489616 , 
56020897226549360 , 
56027736132385528 , 
56034575873100032 , 
56041416448794776 , 
56048257859571704 , 
56055100105532760 , 
56061943186779896 , 
56068787103415080 , 
56075631855540312 , 
56082477443257568 , 
56089323866668856 , 
56096171125876208 , 
56103019220981648 , 
56109868152087224 , 
56116717919294992 , 
56123568522707016 , 
56130419962425384 , 
56137272238552184 , 
56144125351189536 , 
56150979300439544 , 
56157834086404352 , 
56164689709186096 , 
56171546168886936 , 
56178403465609048 , 
56185261599454600 , 
56192120570525792 , 
56198980378924832 , 
56205841024753944 , 
56212702508115344 , 
56219564829111296 , 
56226427987844040 , 
56233291984415856 , 
56240156818929016 , 
56247022491485824 , 
56253889002188584 , 
56260756351139608 , 
56267624538441240 , 
56274493564195808 , 
56281363428505680 , 
56288234131473216 , 
56295105673200816 , 
56301978053790848 , 
56308851273345736 , 
56315725331967896 , 
56322600229759760 , 
56329475966823768 , 
56336352543262376 , 
56343229959178056 , 
56350108214673288 , 
56356987309850576 , 
56363867244812408 , 
56370748019661312 , 
56377629634499824 , 
56384512089430480 , 
56391395384555848 , 
56398279519978480 , 
56405164495800976 , 
56412050312125912 , 
56418936969055912 , 
56425824466693584 , 
56432712805141560 , 
56439601984502496 , 
56446492004879032 , 
56453382866373848 , 
56460274569089624 , 
56467167113129048 , 
56474060498594840 , 
56480954725589704 , 
56487849794216384 , 
56494745704577624 , 
56501642456776176 , 
56508540050914808 , 
56515438487096304 , 
56522337765423464 , 
56529237885999088 , 
56536138848926000 , 
56543040654307032 , 
56549943302245024 , 
56556846792842840 , 
56563751126203352 , 
56570656302429432 , 
56577562321623984 , 
56584469183889912 , 
56591376889330144 , 
56598285438047600 , 
56605194830145232 , 
56612105065726000 , 
56619016144892872 , 
56625928067748832 , 
56632840834396872 , 
56639754444940000 , 
56646668899481248 , 
56653584198123640 , 
56660500340970216 , 
56667417328124048 , 
56674335159688200 , 
56681253835765760 , 
56688173356459816 , 
56695093721873480 , 
56702014932109880 , 
56708936987272152 , 
56715859887463424 , 
56722783632786872 , 
56729708223345664 , 
56736633659242984 , 
56743559940582032 , 
56750487067466008 , 
56757415039998144 , 
56764343858281672 , 
56771273522419840 , 
56778204032515904 , 
56785135388673144 , 
56792067590994840 , 
56799000639584288 , 
56805934534544800 , 
56812869275979704 , 
56819804863992328 , 
56826741298686024 , 
56833678580164160 , 
56840616708530096 , 
56847555683887224 , 
56854495506338952 , 
56861436175988680 , 
56868377692939832 , 
56875320057295848 , 
56882263269160176 , 
56889207328636288 , 
56896152235827640 , 
56903097990837736 , 
56910044593770064 , 
56916992044728144 , 
56923940343815496 , 
56930889491135656 , 
56937839486792184 , 
56944790330888632 , 
56951742023528592 , 
56958694564815632 , 
56965647954853360 , 
56972602193745400 , 
56979557281595360 , 
56986513218506896 , 
56993470004583656 , 
57000427639929296 , 
57007386124647496 , 
57014345458841944 , 
57021305642616352 , 
57028266676074424 , 
57035228559319896 , 
57042191292456496 , 
57049154875587992 , 
57056119308818136 , 
57063084592250712 , 
57070050725989512 , 
57077017710138344 , 
57083985544801008 , 
57090954230081352 , 
57097923766083208 , 
57104894152910424 , 
57111865390666880 , 
57118837479456448 , 
57125810419383024 , 
57132784210550504 , 
57139758853062816 , 
57146734347023888 , 
57153710692537656 , 
57160687889708088 , 
57167665938639136 , 
57174644839434800 , 
57181624592199056 , 
57188605197035928 , 
57195586654049416 , 
57202568963343568 , 
57209552125022416 , 
57216536139190024 , 
57223521005950464 , 
57230506725407816 , 
57237493297666176 , 
57244480722829648 , 
57251469001002352 , 
57258458132288432 , 
57265448116792024 , 
57272438954617296 , 
57279430645868408 , 
57286423190649552 , 
57293416589064920 , 
57300410841218728 , 
57307405947215192 , 
57314401907158560 , 
57321398721153064 , 
57328396389302968 , 
57335394911712552 , 
57342394288486104 , 
57349394519727912 , 
57356395605542288 , 
57363397546033568 , 
57370400341306080 , 
57377403991464184 , 
57384408496612224 , 
57391413856854592 , 
57398420072295672 , 
57405427143039856 , 
57412435069191568 , 
57419443850855232 , 
57426453488135288 , 
57433463981136184 , 
57440475329962384 , 
57447487534718360 , 
57454500595508616 , 
57461514512437648 , 
57468529285609968 , 
57475544915130112 , 
57482561401102616 , 
57489578743632032 , 
57496596942822928 , 
57503615998779888 , 
57510635911607496 , 
57517656681410368 , 
57524678308293112 , 
57531700792360360 , 
57538724133716752 , 
57545748332466952 , 
57552773388715624 , 
57559799302567456 , 
57566826074127128 , 
57573853703499360 , 
57580882190788872 , 
57587911536100384 , 
57594941739538656 , 
57601972801208432 , 
57609004721214496 , 
57616037499661632 , 
57623071136654624 , 
57630105632298288 , 
57637140986697456 , 
57644177199956944 , 
57651214272181616 , 
57658252203476320 , 
57665290993945936 , 
57672330643695352 , 
57679371152829464 , 
57686412521453184 , 
57693454749671440 , 
57700497837589160 , 
57707541785311304 , 
57714586592942832 , 
57721632260588712 , 
57728678788353944 , 
57735726176343528 , 
57742774424662472 , 
57749823533415808 , 
57756873502708576 , 
57763924332645832 , 
57770976023332624 , 
57778028574874056 , 
57785081987375200 , 
57792136260941160 , 
57799191395677072 , 
57806247391688048 , 
57813304249079232 , 
57820361967955784 , 
57827420548422872 , 
57834479990585680 , 
57841540294549392 , 
57848601460419224 , 
57855663488300392 , 
57862726378298128 , 
57869790130517672 , 
57876854745064296 , 
57883920222043264 , 
57890986561559856 , 
57898053763719368 , 
57905121828627112 , 
57912190756388416 , 
57919260547108616 , 
57926331200893048 , 
57933402717847080 , 
57940475098076088 , 
57947548341685448 , 
57954622448780576 , 
57961697419466872 , 
57968773253849768 , 
57975849952034704 , 
57982927514127120 , 
57990005940232488 , 
57997085230456280 , 
58004165384903992 , 
58011246403681128 , 
58018328286893192 , 
58025411034645720 , 
58032494647044256 , 
58039579124194344 , 
58046664466201560 , 
58053750673171488 , 
58060837745209704 , 
58067925682421832 , 
58075014484913472 , 
58082104152790272 , 
58089194686157864 , 
58096286085121920 , 
58103378349788096 , 
58110471480262080 , 
58117565476649560 , 
58124660339056264 , 
58131756067587896 , 
58138852662350200 , 
58145950123448920 , 
58153048450989808 , 
58160147645078656 , 
58167247705821240 , 
58174348633323352 , 
58181450427690816 , 
58188553089029456 , 
58195656617445104 , 
58202761013043608 , 
58209866275930840 , 
58216972406212672 , 
58224079403995000 , 
58231187269383720 , 
58238296002484744 , 
58245405603404016 , 
58252516072247456 , 
58259627409121032 , 
58266739614130712 , 
58273852687382472 , 
58280966628982296 , 
58288081439036208 , 
58295197117650216 , 
58302313664930360 , 
58309431080982672 , 
58316549365913216 , 
58323668519828064 , 
58330788542833304 , 
58337909435035024 , 
58345031196539336 , 
58352153827452368 , 
58359277327880248 , 
58366401697929128 , 
58373526937705176 , 
58380653047314552 , 
58387780026863448 , 
58394907876458072 , 
58402036596204632 , 
58409166186209352 , 
58416296646578480 , 
58423427977418256 , 
58430560178834952 , 
58437693250934848 , 
58444827193824224 , 
58451962007609400 , 
58459097692396680 , 
58466234248292400 , 
58473371675402904 , 
58480509973834544 , 
58487649143693696 , 
58494789185086728 , 
58501930098120048 , 
58509071882900064 , 
58516214539533192 , 
58523358068125864 , 
58530502468784528 , 
58537647741615640 , 
58544793886725688 , 
58551940904221144 , 
58559088794208504 , 
58566237556794296 , 
58573387192085032 , 
58580537700187256 , 
58587689081207512 , 
58594841335252368 , 
58601994462428400 , 
58609148462842200 , 
58616303336600376 , 
58623459083809528 , 
58630615704576304 , 
58637773199007328 , 
58644931567209272 , 
58652090809288792 , 
58659250925352568 , 
58666411915507304 , 
58673573779859704 , 
58680736518516480 , 
58687900131584368 , 
58695064619170128 , 
58702229981380496 , 
58709396218322264 , 
58716563330102208 , 
58723731316827128 , 
58730900178603840 , 
58738069915539160 , 
58745240527739928 , 
58752412015312992 , 
58759584378365224 , 
58766757617003496 , 
58773931731334696 , 
58781106721465728 , 
58788282587503512 , 
58795459329554960 , 
58802636947727040 , 
58809815442126680 , 
58816994812860872 , 
58824175060036576 , 
58831356183760808 , 
58838538184140552 , 
58845721061282840 , 
58852904815294712 , 
58860089446283200 , 
58867274954355368 , 
58874461339618296 , 
58881648602179056 , 
58888836742144760 , 
58896025759622512 , 
58903215654719440 , 
58910406427542680 , 
58917598078199384 , 
58924790606796720 , 
58931984013441856 , 
58939178298241984 , 
58946373461304312 , 
58953569502736048 , 
58960766422644432 , 
58967964221136704 , 
58975162898320112 , 
58982362454301936 , 
58989562889189448 , 
58996764203089944 , 
59003966396110736 , 
59011169468359144 , 
59018373419942504 , 
59025578250968160 , 
59032783961543472 , 
59039990551775808 , 
59047198021772568 , 
59054406371641152 , 
59061615601488952 , 
59068825711423416 , 
59076036701551976 , 
59083248571982072 , 
59090461322821192 , 
59097674954176800 , 
59104889466156384 , 
59112104858867456 , 
59119321132417536 , 
59126538286914144 , 
59133756322464840 , 
59140975239177168 , 
59148195037158696 , 
59155415716517024 , 
59162637277359728 , 
59169859719794440 , 
59177083043928760 , 
59184307249870336 , 
59191532337726824 , 
59198758307605872 , 
59205985159615160 , 
59213212893862376 , 
59220441510455224 , 
59227671009501424 , 
59234901391108696 , 
59242132655384776 , 
59249364802437432 , 
59256597832374424 , 
59263831745303528 , 
59271066541332552 , 
59278302220569288 , 
59285538783121560 , 
59292776229097208 , 
59300014558604064 , 
59307253771750008 , 
59314493868642896 , 
59321734849390624 , 
59328976714101080 , 
59336219462882184 , 
59343463095841864 , 
59350707613088048 , 
59357953014728696 , 
59365199300871776 , 
59372446471625256 , 
59379694527097136 , 
59386943467395416 , 
59394193292628112 , 
