36028797018963968 , 
36024399240877396 , 
36020001999596208 , 
36015605295054876 , 
36011209127187884 , 
36006813495929724 , 
36002418401214896 , 
35998023842977908 , 
35993629821153280 , 
35989236335675532 , 
35984843386479192 , 
35980450973498808 , 
35976059096668924 , 
35971667755924100 , 
35967276951198892 , 
35962886682427876 , 
35958496949545636 , 
35954107752486752 , 
35949719091185824 , 
35945330965577456 , 
35940943375596260 , 
35936556321176856 , 
35932169802253872 , 
35927783818761944 , 
35923398370635712 , 
35919013457809832 , 
35914629080218960 , 
35910245237797768 , 
35905861930480928 , 
35901479158203124 , 
35897096920899052 , 
35892715218503404 , 
35888334050950896 , 
35883953418176236 , 
35879573320114152 , 
35875193756699376 , 
35870814727866644 , 
35866436233550704 , 
35862058273686316 , 
35857680848208236 , 
35853303957051244 , 
35848927600150108 , 
35844551777439624 , 
35840176488854588 , 
35835801734329796 , 
35831427513800064 , 
35827053827200208 , 
35822680674465060 , 
35818308055529448 , 
35813935970328220 , 
35809564418796228 , 
35805193400868328 , 
35800822916479384 , 
35796452965564276 , 
35792083548057884 , 
35787714663895100 , 
35783346313010820 , 
35778978495339952 , 
35774611210817412 , 
35770244459378120 , 
35765878240957008 , 
35761512555489012 , 
35757147402909080 , 
35752782783152168 , 
35748418696153236 , 
35744055141847252 , 
35739692120169200 , 
35735329631054056 , 
35730967674436824 , 
35726606250252500 , 
35722245358436096 , 
35717884998922628 , 
35713525171647124 , 
35709165876544616 , 
35704807113550144 , 
35700448882598760 , 
35696091183625520 , 
35691734016565488 , 
35687377381353740 , 
35683021277925356 , 
35678665706215424 , 
35674310666159044 , 
35669956157691316 , 
35665602180747352 , 
35661248735262280 , 
35656895821171224 , 
35652543438409320 , 
35648191586911712 , 
35643840266613556 , 
35639489477450008 , 
35635139219356240 , 
35630789492267428 , 
35626440296118752 , 
35622091630845408 , 
35617743496382592 , 
35613395892665516 , 
35609048819629392 , 
35604702277209444 , 
35600356265340904 , 
35596010783959016 , 
35591665832999020 , 
35587321412396176 , 
35582977522085744 , 
35578634162002996 , 
35574291332083212 , 
35569949032261680 , 
35565607262473692 , 
35561266022654552 , 
35556925312739568 , 
35552585132664060 , 
35548245482363356 , 
35543906361772788 , 
35539567770827700 , 
35535229709463440 , 
35530892177615368 , 
35526555175218848 , 
35522218702209252 , 
35517882758521964 , 
35513547344092376 , 
35509212458855880 , 
35504878102747880 , 
35500544275703796 , 
35496210977659044 , 
35491878208549056 , 
35487545968309268 , 
35483214256875120 , 
35478883074182072 , 
35474552420165576 , 
35470222294761108 , 
35465892697904136 , 
35461563629530152 , 
35457235089574644 , 
35452907077973112 , 
35448579594661064 , 
35444252639574016 , 
35439926212647492 , 
35435600313817020 , 
35431274943018140 , 
35426950100186400 , 
35422625785257356 , 
35418301998166568 , 
35413978738849612 , 
35409656007242056 , 
35405333803279496 , 
35401012126897524 , 
35396690978031740 , 
35392370356617752 , 
35388050262591184 , 
35383730695887656 , 
35379411656442804 , 
35375093144192268 , 
35370775159071700 , 
35366457701016752 , 
35362140769963092 , 
35357824365846392 , 
35353508488602336 , 
35349193138166608 , 
35344878314474904 , 
35340564017462932 , 
35336250247066400 , 
35331937003221032 , 
35327624285862552 , 
35323312094926696 , 
35319000430349208 , 
35314689292065840 , 
35310378680012348 , 
35306068594124504 , 
35301759034338080 , 
35297450000588860 , 
35293141492812628 , 
35288833510945192 , 
35284526054922348 , 
35280219124679920 , 
35275912720153720 , 
35271606841279584 , 
35267301487993352 , 
35262996660230860 , 
35258692357927968 , 
35254388581020536 , 
35250085329444428 , 
35245782603135528 , 
35241480402029716 , 
35237178726062884 , 
35232877575170932 , 
35228576949289768 , 
35224276848355312 , 
35219977272303480 , 
35215678221070212 , 
35211379694591436 , 
35207081692803112 , 
35202784215641184 , 
35198487263041620 , 
35194190834940388 , 
35189894931273468 , 
35185599551976848 , 
35181304696986516 , 
35177010366238476 , 
35172716559668740 , 
35168423277213324 , 
35164130518808256 , 
35159838284389560 , 
35155546573893284 , 
35151255387255480 , 
35146964724412192 , 
35142674585299496 , 
35138384969853460 , 
35134095878010160 , 
35129807309705688 , 
35125519264876140 , 
35121231743457616 , 
35116944745386228 , 
35112658270598092 , 
35108372319029340 , 
35104086890616104 , 
35099801985294528 , 
35095517603000756 , 
35091233743670952 , 
35086950407241280 , 
35082667593647912 , 
35078385302827028 , 
35074103534714820 , 
35069822289247480 , 
35065541566361220 , 
35061261365992244 , 
35056981688076780 , 
35052702532551048 , 
35048423899351288 , 
35044145788413744 , 
35039868199674668 , 
35035591133070312 , 
35031314588536952 , 
35027038566010856 , 
35022763065428308 , 
35018488086725600 , 
35014213629839028 , 
35009939694704896 , 
35005666281259520 , 
35001393389439224 , 
34997121019180332 , 
34992849170419180 , 
34988577843092116 , 
34984307037135492 , 
34980036752485668 , 
34975766989079008 , 
34971497746851892 , 
34967229025740700 , 
34962960825681828 , 
34958693146611668 , 
34954425988466632 , 
34950159351183136 , 
34945893234697596 , 
34941627638946444 , 
34937362563866120 , 
34933098009393068 , 
34928833975463740 , 
34924570462014596 , 
34920307468982112 , 
34916044996302756 , 
34911783043913016 , 
34907521611749380 , 
34903260699748356 , 
34899000307846444 , 
34894740435980164 , 
34890481084086032 , 
34886222252100588 , 
34881963939960364 , 
34877706147601908 , 
34873448874961776 , 
34869192121976524 , 
34864935888582728 , 
34860680174716960 , 
34856424980315812 , 
34852170305315868 , 
34847916149653732 , 
34843662513266012 , 
34839409396089328 , 
34835156798060296 , 
34830904719115556 , 
34826653159191740 , 
34822402118225496 , 
34818151596153480 , 
34813901592912352 , 
34809652108438788 , 
34805403142669460 , 
34801154695541056 , 
34796906766990268 , 
34792659356953800 , 
34788412465368356 , 
34784166092170652 , 
34779920237297416 , 
34775674900685380 , 
34771430082271280 , 
34767185781991868 , 
34762941999783896 , 
34758698735584124 , 
34754455989329328 , 
34750213760956280 , 
34745972050401772 , 
34741730857602596 , 
34737490182495552 , 
34733250025017448 , 
34729010385105104 , 
34724771262695340 , 
34720532657724992 , 
34716294570130896 , 
34712056999849908 , 
34707819946818872 , 
34703583410974660 , 
34699347392254136 , 
34695111890594180 , 
34690876905931684 , 
34686642438203536 , 
34682408487346636 , 
34678175053297900 , 
34673942135994240 , 
34669709735372580 , 
34665477851369856 , 
34661246483923004 , 
34657015632968976 , 
34652785298444724 , 
34648555480287212 , 
34644326178433412 , 
34640097392820300 , 
34635869123384864 , 
34631641370064096 , 
34627414132795004 , 
34623187411514588 , 
34618961206159868 , 
34614735516667876 , 
34610510342975632 , 
34606285685020184 , 
34602061542738580 , 
34597837916067872 , 
34593614804945124 , 
34589392209307408 , 
34585170129091804 , 
34580948564235392 , 
34576727514675268 , 
34572506980348540 , 
34568286961192308 , 
34564067457143696 , 
34559848468139820 , 
34555629994117824 , 
34551412035014836 , 
34547194590768012 , 
34542977661314504 , 
34538761246591472 , 
34534545346536092 , 
34530329961085540 , 
34526115090177000 , 
34521900733747668 , 
34517686891734744 , 
34513473564075436 , 
34509260750706964 , 
34505048451566548 , 
34500836666591420 , 
34496625395718824 , 
34492414638886004 , 
34488204396030212 , 
34483994667088716 , 
34479785451998784 , 
34475576750697692 , 
34471368563122728 , 
34467160889211188 , 
34462953728900364 , 
34458747082127572 , 
34454540948830124 , 
34450335328945344 , 
34446130222410568 , 
34441925629163128 , 
34437721549140376 , 
34433517982279664 , 
34429314928518356 , 
34425112387793820 , 
34420910360043432 , 
34416708845204580 , 
34412507843214652 , 
34408307354011052 , 
34404107377531188 , 
34399907913712476 , 
34395708962492336 , 
34391510523808200 , 
34387312597597504 , 
34383115183797700 , 
34378918282346240 , 
34374721893180580 , 
34370526016238196 , 
34366330651456556 , 
34362135798773152 , 
34357941458125476 , 
34353747629451020 , 
34349554312687300 , 
34345361507771824 , 
34341169214642116 , 
34336977433235708 , 
34332786163490136 , 
34328595405342944 , 
34324405158731688 , 
34320215423593928 , 
34316026199867228 , 
34311837487489168 , 
34307649286397328 , 
34303461596529304 , 
34299274417822692 , 
34295087750215092 , 
34290901593644128 , 
34286715948047416 , 
34282530813362588 , 
34278346189527272 , 
34274162076479124 , 
34269978474155788 , 
34265795382494928 , 
34261612801434208 , 
34257430730911304 , 
34253249170863900 , 
34249068121229680 , 
34244887581946348 , 
34240707552951604 , 
34236528034183168 , 
34232349025578752 , 
34228170527076088 , 
34223992538612912 , 
34219815060126964 , 
34215638091556000 , 
34211461632837772 , 
34207285683910052 , 
34203110244710608 , 
34198935315177224 , 
34194760895247692 , 
34190586984859800 , 
34186413583951360 , 
34182240692460176 , 
34178068310324076 , 
34173896437480880 , 
34169725073868424 , 
34165554219424548 , 
34161383874087104 , 
34157214037793952 , 
34153044710482948 , 
34148875892091972 , 
34144707582558900 , 
34140539781821620 , 
34136372489818028 , 
34132205706486028 , 
34128039431763524 , 
34123873665588440 , 
34119708407898696 , 
34115543658632228 , 
34111379417726976 , 
34107215685120888 , 
34103052460751920 , 
34098889744558036 , 
34094727536477204 , 
34090565836447404 , 
34086404644406620 , 
34082243960292848 , 
34078083784044088 , 
34073924115598348 , 
34069764954893640 , 
34065606301867996 , 
34061448156459444 , 
34057290518606024 , 
34053133388245776 , 
34048976765316760 , 
34044820649757036 , 
34040665041504672 , 
34036509940497748 , 
34032355346674344 , 
34028201259972552 , 
34024047680330476 , 
34019894607686220 , 
34015742041977896 , 
34011589983143628 , 
34007438431121544 , 
34003287385849784 , 
33999136847266492 , 
33994986815309816 , 
33990837289917920 , 
33986688271028972 , 
33982539758581144 , 
33978391752512620 , 
33974244252761588 , 
33970097259266248 , 
33965950771964804 , 
33961804790795468 , 
33957659315696460 , 
33953514346606008 , 
33949369883462348 , 
33945225926203720 , 
33941082474768376 , 
33936939529094572 , 
33932797089120576 , 
33928655154784660 , 
33924513726025108 , 
33920372802780200 , 
33916232384988236 , 
33912092472587520 , 
33907953065516360 , 
33903814163713072 , 
33899675767115988 , 
33895537875663440 , 
33891400489293760 , 
33887263607945308 , 
33883127231556432 , 
33878991360065496 , 
33874855993410872 , 
33870721131530940 , 
33866586774364084 , 
33862452921848696 , 
33858319573923180 , 
33854186730525940 , 
33850054391595396 , 
33845922557069968 , 
33841791226888088 , 
33837660400988196 , 
33833530079308736 , 
33829400261788164 , 
33825270948364936 , 
33821142138977524 , 
33817013833564404 , 
33812886032064060 , 
33808758734414984 , 
33804631940555668 , 
33800505650424624 , 
33796379863960364 , 
33792254581101408 , 
33788129801786284 , 
33784005525953532 , 
33779881753541692 , 
33775758484489312 , 
33771635718734960 , 
33767513456217192 , 
33763391696874588 , 
33759270440645724 , 
33755149687469196 , 
33751029437283592 , 
33746909690027520 , 
33742790445639588 , 
33738671704058416 , 
33734553465222632 , 
33730435729070868 , 
33726318495541764 , 
33722201764573968 , 
33718085536106136 , 
33713969810076936 , 
33709854586425032 , 
33705739865089108 , 
33701625646007844 , 
33697511929119940 , 
33693398714364092 , 
33689286001679012 , 
33685173791003412 , 
33681062082276020 , 
33676950875435560 , 
33672840170420776 , 
33668729967170412 , 
33664620265623220 , 
33660511065717964 , 
33656402367393408 , 
33652294170588328 , 
33648186475241512 , 
33644079281291744 , 
33639972588677828 , 
33635866397338564 , 
33631760707212772 , 
33627655518239264 , 
33623550830356872 , 
33619446643504436 , 
33615342957620788 , 
33611239772644788 , 
33607137088515292 , 
33603034905171160 , 
33598933222551272 , 
33594832040594504 , 
33590731359239740 , 
33586631178425884 , 
33582531498091832 , 
33578432318176496 , 
33574333638618792 , 
33570235459357648 , 
33566137780331992 , 
33562040601480768 , 
33557943922742924 , 
33553847744057408 , 
33549752065363188 , 
33545656886599232 , 
33541562207704520 , 
33537468028618032 , 
33533374349278760 , 
33529281169625708 , 
33525188489597876 , 
33521096309134288 , 
33517004628173956 , 
33512913446655912 , 
33508822764519196 , 
33504732581702852 , 
33500642898145928 , 
33496553713787484 , 
33492465028566588 , 
33488376842422312 , 
33484289155293740 , 
33480201967119956 , 
33476115277840060 , 
33472029087393156 , 
33467943395718352 , 
33463858202754768 , 
33459773508441528 , 
33455689312717768 , 
33451605615522632 , 
33447522416795260 , 
33443439716474812 , 
33439357514500452 , 
33435275810811348 , 
33431194605346680 , 
33427113898045632 , 
33423033688847396 , 
33418953977691176 , 
33414874764516176 , 
33410796049261608 , 
33406717831866704 , 
33402640112270684 , 
33398562890412788 , 
33394486166232264 , 
33390409939668364 , 
33386334210660344 , 
33382258979147472 , 
33378184245069020 , 
33374110008364276 , 
33370036268972524 , 
33365963026833064 , 
33361890281885196 , 
33357818034068236 , 
33353746283321496 , 
33349675029584308 , 
33345604272796004 , 
33341534012895928 , 
33337464249823424 , 
33333394983517848 , 
33329326213918564 , 
33325257940964944 , 
33321190164596364 , 
33317122884752212 , 
33313056101371880 , 
33308989814394764 , 
33304924023760276 , 
33300858729407832 , 
33296793931276852 , 
33292729629306764 , 
33288665823437008 , 
33284602513607032 , 
33280539699756280 , 
33276477381824216 , 
33272415559750308 , 
33268354233474024 , 
33264293402934852 , 
33260233068072280 , 
33256173228825800 , 
33252113885134920 , 
33248055036939152 , 
33243996684178008 , 
33239938826791020 , 
33235881464717720 , 
33231824597897648 , 
33227768226270352 , 
33223712349775384 , 
33219656968352312 , 
33215602081940704 , 
33211547690480136 , 
33207493793910196 , 
33203440392170472 , 
33199387485200568 , 
33195335072940088 , 
33191283155328648 , 
33187231732305868 , 
33183180803811380 , 
33179130369784820 , 
33175080430165828 , 
33171030984894056 , 
33166982033909168 , 
33162933577150824 , 
33158885614558700 , 
33154838146072480 , 
33150791171631844 , 
33146744691176492 , 
33142698704646124 , 
33138653211980456 , 
33134608213119200 , 
33130563708002084 , 
33126519696568840 , 
33122476178759204 , 
33118433154512928 , 
33114390623769760 , 
33110348586469468 , 
33106307042551816 , 
33102265991956584 , 
33098225434623552 , 
33094185370492516 , 
33090145799503268 , 
33086106721595620 , 
33082068136709380 , 
33078030044784372 , 
33073992445760424 , 
33069955339577364 , 
33065918726175044 , 
33061882605493308 , 
33057846977472016 , 
33053811842051032 , 
33049777199170224 , 
33045743048769476 , 
33041709390788672 , 
33037676225167704 , 
33033643551846480 , 
33029611370764900 , 
33025579681862888 , 
33021548485080360 , 
33017517780357248 , 
33013487567633496 , 
33009457846849040 , 
33005428617943840 , 
33001399880857852 , 
32997371635531044 , 
32993343881903388 , 
32989316619914868 , 
32985289849505476 , 
32981263570615204 , 
32977237783184060 , 
32973212487152048 , 
32969187682459196 , 
32965163369045520 , 
32961139546851060 , 
32957116215815856 , 
32953093375879952 , 
32949071026983404 , 
32945049169066276 , 
32941027802068636 , 
32937006925930564 , 
32932986540592140 , 
32928966645993460 , 
32924947242074620 , 
32920928328775724 , 
32916909906036888 , 
32912891973798236 , 
32908874531999892 , 
32904857580581996 , 
32900841119484684 , 
32896825148648108 , 
32892809668012428 , 
32888794677517812 , 
32884780177104424 , 
32880766166712444 , 
32876752646282064 , 
32872739615753476 , 
32868727075066880 , 
32864715024162488 , 
32860703462980508 , 
32856692391461172 , 
32852681809544704 , 
32848671717171344 , 
32844662114281336 , 
32840653000814932 , 
32836644376712396 , 
32832636241913992 , 
32828628596359992 , 
32824621439990676 , 
32820614772746340 , 
32816608594567276 , 
32812602905393784 , 
32808597705166180 , 
32804592993824780 , 
32800588771309908 , 
32796585037561896 , 
32792581792521084 , 
32788579036127824 , 
32784576768322464 , 
32780574989045364 , 
32776573698236900 , 
32772572895837444 , 
32768572581787384 , 
32764572756027100 , 
32760573418497000 , 
32756574569137488 , 
32752576207888972 , 
32748578334691876 , 
32744580949486624 , 
32740584052213652 , 
32736587642813400 , 
32732591721226316 , 
32728596287392860 , 
32724601341253496 , 
32720606882748692 , 
32716612911818924 , 
32712619428404680 , 
32708626432446452 , 
32704633923884736 , 
32700641902660048 , 
32696650368712892 , 
32692659321983800 , 
32688668762413292 , 
32684678689941904 , 
32680689104510184 , 
32676700006058684 , 
32672711394527956 , 
32668723269858568 , 
32664735631991092 , 
32660748480866108 , 
32656761816424204 , 
32652775638605972 , 
32648789947352012 , 
32644804742602932 , 
32640820024299356 , 
32636835792381896 , 
32632852046791192 , 
32628868787467876 , 
32624886014352592 , 
32620903727385996 , 
32616921926508744 , 
32612940611661504 , 
32608959782784952 , 
32604979439819764 , 
32600999582706632 , 
32597020211386252 , 
32593041325799324 , 
32589062925886556 , 
32585085011588672 , 
32581107582846392 , 
32577130639600448 , 
32573154181791580 , 
32569178209360536 , 
32565202722248064 , 
32561227720394928 , 
32557253203741896 , 
32553279172229744 , 
32549305625799252 , 
32545332564391208 , 
32541359987946416 , 
32537387896405672 , 
32533416289709792 , 
32529445167799592 , 
32525474530615896 , 
32521504378099544 , 
32517534710191368 , 
32513565526832220 , 
32509596827962956 , 
32505628613524432 , 
32501660883457524 , 
32497693637703100 , 
32493726876202052 , 
32489760598895264 , 
32485794805723636 , 
32481829496628076 , 
32477864671549492 , 
32473900330428804 , 
32469936473206944 , 
32465973099824840 , 
32462010210223432 , 
32458047804343676 , 
32454085882126520 , 
32450124443512932 , 
32446163488443880 , 
32442203016860340 , 
32438243028703296 , 
32434283523913740 , 
32430324502432672 , 
32426365964201100 , 
32422407909160032 , 
32418450337250496 , 
32414493248413508 , 
32410536642590116 , 
32406580519721352 , 
32402624879748268 , 
32398669722611920 , 
32394715048253376 , 
32390760856613704 , 
32386807147633976 , 
32382853921255288 , 
32378901177418724 , 
32374948916065388 , 
32370997137136384 , 
32367045840572824 , 
32363095026315836 , 
32359144694306544 , 
32355194844486084 , 
32351245476795596 , 
32347296591176236 , 
32343348187569152 , 
32339400265915516 , 
32335452826156500 , 
32331505868233276 , 
32327559392087032 , 
32323613397658968 , 
32319667884890272 , 
32315722853722160 , 
32311778304095844 , 
32307834235952544 , 
32303890649233492 , 
32299947543879924 , 
32296004919833080 , 
32292062777034208 , 
32288121115424576 , 
32284179934945436 , 
32280239235538068 , 
32276299017143752 , 
32272359279703768 , 
32268420023159412 , 
32264481247451984 , 
32260542952522796 , 
32256605138313156 , 
32252667804764392 , 
32248730951817828 , 
32244794579414804 , 
32240858687496660 , 
32236923276004752 , 
32232988344880436 , 
32229053894065072 , 
32225119923500036 , 
32221186433126712 , 
32217253422886476 , 
32213320892720728 , 
32209388842570868 , 
32205457272378308 , 
32201526182084452 , 
32197595571630732 , 
32193665440958576 , 
32189735790009416 , 
32185806618724700 , 
32181877927045876 , 
32177949714914404 , 
32174021982271748 , 
32170094729059380 , 
32166167955218780 , 
32162241660691436 , 
32158315845418840 , 
32154390509342488 , 
32150465652403896 , 
32146541274544576 , 
32142617375706052 , 
32138693955829848 , 
32134771014857504 , 
32130848552730564 , 
32126926569390576 , 
32123005064779104 , 
32119084038837708 , 
32115163491507960 , 
32111243422731440 , 
32107323832449736 , 
32103404720604440 , 
32099486087137156 , 
32095567931989488 , 
32091650255103048 , 
32087733056419464 , 
32083816335880364 , 
32079900093427384 , 
32075984329002168 , 
32072069042546364 , 
32068154234001632 , 
32064239903309636 , 
32060326050412044 , 
32056412675250544 , 
32052499777766816 , 
32048587357902552 , 
32044675415599456 , 
32040763950799236 , 
32036852963443604 , 
32032942453474284 , 
32029032420833004 , 
32025122865461496 , 
32021213787301508 , 
32017305186294792 , 
32013397062383100 , 
32009489415508196 , 
32005582245611856 , 
32001675552635856 , 
31997769336521984 , 
31993863597212032 , 
31989958334647800 , 
31986053548771092 , 
31982149239523724 , 
31978245406847520 , 
31974342050684304 , 
31970439170975912 , 
31966536767664192 , 
31962634840690988 , 
31958733389998160 , 
31954832415527568 , 
31950931917221088 , 
31947031895020592 , 
31943132348867972 , 
31939233278705116 , 
31935334684473920 , 
31931436566116300 , 
31927538923574160 , 
31923641756789428 , 
31919745065704028 , 
31915848850259892 , 
31911953110398968 , 
31908057846063200 , 
31904163057194548 , 
31900268743734968 , 
31896374905626440 , 
31892481542810936 , 
31888588655230440 , 
31884696242826944 , 
31880804305542448 , 
31876912843318956 , 
31873021856098484 , 
31869131343823044 , 
31865241306434672 , 
31861351743875396 , 
31857462656087260 , 
31853574043012308 , 
31849685904592600 , 
31845798240770196 , 
31841911051487164 , 
31838024336685584 , 
31834138096307536 , 
31830252330295112 , 
31826367038590412 , 
31822482221135536 , 
31818597877872596 , 
31814714008743716 , 
31810830613691016 , 
31806947692656632 , 
31803065245582704 , 
31799183272411376 , 
31795301773084808 , 
31791420747545152 , 
31787540195734588 , 
31783660117595280 , 
31779780513069416 , 
31775901382099188 , 
31772022724626788 , 
31768144540594420 , 
31764266829944292 , 
31760389592618628 , 
31756512828559652 , 
31752636537709588 , 
31748760720010684 , 
31744885375405180 , 
31741010503835332 , 
31737136105243396 , 
31733262179571644 , 
31729388726762348 , 
31725515746757788 , 
31721643239500252 , 
31717771204932032 , 
31713899642995440 , 
31710028553632776 , 
31706157936786360 , 
31702287792398516 , 
31698418120411572 , 
31694548920767868 , 
31690680193409748 , 
31686811938279560 , 
31682944155319664 , 
31679076844472428 , 
31675210005680224 , 
31671343638885432 , 
31667477744030432 , 
31663612321057628 , 
31659747369909416 , 
31655882890528200 , 
31652018882856400 , 
31648155346836436 , 
31644292282410736 , 
31640429689521740 , 
31636567568111884 , 
31632705918123624 , 
31628844739499412 , 
31624984032181716 , 
31621123796113004 , 
31617264031235756 , 
31613404737492460 , 
31609545914825600 , 
31605687563177680 , 
31601829682491208 , 
31597972272708692 , 
31594115333772656 , 
31590258865625628 , 
31586402868210136 , 
31582547341468728 , 
31578692285343952 , 
31574837699778356 , 
31570983584714508 , 
31567129940094976 , 
31563276765862336 , 
31559424061959172 , 
31555571828328076 , 
31551720064911640 , 
31547868771652472 , 
31544017948493180 , 
31540167595376388 , 
31536317712244716 , 
31532468299040800 , 
31528619355707280 , 
31524770882186796 , 
31520922878422004 , 
31517075344355568 , 
31513228279930152 , 
31509381685088432 , 
31505535559773088 , 
31501689903926804 , 
31497844717492284 , 
31494000000412228 , 
31490155752629340 , 
31486311974086340 , 
31482468664725948 , 
31478625824490900 , 
31474783453323932 , 
31470941551167784 , 
31467100117965208 , 
31463259153658964 , 
31459418658191820 , 
31455578631506544 , 
31451739073545916 , 
31447899984252720 , 
31444061363569752 , 
31440223211439816 , 
31436385527805712 , 
31432548312610256 , 
31428711565796268 , 
31424875287306580 , 
31421039477084024 , 
31417204135071444 , 
31413369261211688 , 
31409534855447608 , 
31405700917722072 , 
31401867447977952 , 
31398034446158116 , 
31394201912205456 , 
31390369846062860 , 
31386538247673224 , 
31382707116979456 , 
31378876453924464 , 
31375046258451172 , 
31371216530502500 , 
31367387270021384 , 
31363558476950760 , 
31359730151233580 , 
31355902292812792 , 
31352074901631360 , 
31348247977632252 , 
31344421520758440 , 
31340595530952904 , 
31336770008158636 , 
31332944952318632 , 
31329120363375888 , 
31325296241273420 , 
31321472585954240 , 
31317649397361376 , 
31313826675437852 , 
31310004420126704 , 
31306182631370984 , 
31302361309113736 , 
31298540453298020 , 
31294720063866904 , 
31290900140763452 , 
31287080683930752 , 
31283261693311884 , 
31279443168849940 , 
31275625110488024 , 
31271807518169236 , 
31267990391836696 , 
31264173731433520 , 
31260357536902840 , 
31256541808187784 , 
31252726545231496 , 
31248911747977128 , 
31245097416367828 , 
31241283550346764 , 
31237470149857104 , 
31233657214842020 , 
31229844745244696 , 
31226032741008328 , 
31222221202076104 , 
31218410128391232 , 
31214599519896924 , 
31210789376536392 , 
31206979698252868 , 
31203170484989580 , 
31199361736689764 , 
31195553453296664 , 
31191745634753540 , 
31187938281003644 , 
31184131391990244 , 
31180324967656612 , 
31176519007946032 , 
31172713512801784 , 
31168908482167168 , 
31165103915985480 , 
31161299814200032 , 
31157496176754136 , 
31153693003591112 , 
31149890294654292 , 
31146088049887008 , 
31142286269232604 , 
31138484952634428 , 
31134684100035832 , 
31130883711380188 , 
31127083786610860 , 
31123284325671224 , 
31119485328504668 , 
31115686795054576 , 
31111888725264352 , 
31108091119077396 , 
31104293976437120 , 
31100497297286944 , 
31096701081570292 , 
31092905329230596 , 
31089110040211296 , 
31085315214455836 , 
31081520851907668 , 
31077726952510256 , 
31073933516207060 , 
31070140542941560 , 
31066348032657232 , 
31062555985297564 , 
31058764400806048 , 
31054973279126188 , 
31051182620201496 , 
31047392423975476 , 
31043602690391660 , 
31039813419393572 , 
31036024610924744 , 
31032236264928728 , 
31028448381349064 , 
31024660960129308 , 
31020874001213032 , 
31017087504543800 , 
31013301470065188 , 
31009515897720780 , 
31005730787454168 , 
31001946139208948 , 
30998161952928728 , 
30994378228557116 , 
30990594966037728 , 
30986812165314192 , 
30983029826330144 , 
30979247949029212 , 
30975466533355052 , 
30971685579251312 , 
30967905086661652 , 
30964125055529736 , 
30960345485799244 , 
30956566377413848 , 
30952787730317236 , 
30949009544453108 , 
30945231819765156 , 
30941454556197096 , 
30937677753692636 , 
30933901412195504 , 
30930125531649420 , 
30926350111998124 , 
30922575153185356 , 
30918800655154868 , 
30915026617850408 , 
30911253041215748 , 
30907479925194652 , 
30903707269730896 , 
30899935074768264 , 
30896163340250548 , 
30892392066121540 , 
30888621252325048 , 
30884850898804880 , 
30881081005504856 , 
30877311572368796 , 
30873542599340536 , 
30869774086363912 , 
30866006033382764 , 
30862238440340952 , 
30858471307182328 , 
30854704633850760 , 
30850938420290120 , 
30847172666444288 , 
30843407372257148 , 
30839642537672596 , 
30835878162634528 , 
30832114247086848 , 
30828350790973476 , 
30824587794238328 , 
30820825256825336 , 
30817063178678424 , 
30813301559741540 , 
30809540399958632 , 
30805779699273652 , 
30802019457630560 , 
30798259674973328 , 
30794500351245928 , 
30790741486392340 , 
30786983080356556 , 
30783225133082572 , 
30779467644514384 , 
30775710614596008 , 
30771954043271460 , 
30768197930484756 , 
30764442276179932 , 
30760687080301020 , 
30756932342792064 , 
30753178063597120 , 
30749424242660236 , 
30745670879925480 , 
30741917975336924 , 
30738165528838644 , 
30734413540374724 , 
30730662009889252 , 
30726910937326332 , 
30723160322630064 , 
30719410165744560 , 
30715660466613940 , 
30711911225182332 , 
30708162441393860 , 
30704414115192668 , 
30700666246522900 , 
30696918835328712 , 
30693171881554256 , 
30689425385143704 , 
30685679346041228 , 
30681933764191008 , 
30678188639537228 , 
30674443972024084 , 
30670699761595772 , 
30666956008196504 , 
30663212711770488 , 
30659469872261952 , 
30655727489615116 , 
30651985563774220 , 
30648244094683500 , 
30644503082287208 , 
30640762526529596 , 
30637022427354924 , 
30633282784707464 , 
30629543598531492 , 
30625804868771284 , 
30622066595371132 , 
30618328778275332 , 
30614591417428184 , 
30610854512774000 , 
30607118064257092 , 
30603382071821784 , 
30599646535412408 , 
30595911454973296 , 
30592176830448792 , 
30588442661783252 , 
30584708948921024 , 
30580975691806472 , 
30577242890383972 , 
30573510544597900 , 
30569778654392632 , 
30566047219712568 , 
30562316240502100 , 
30558585716705632 , 
30554855648267580 , 
30551126035132352 , 
30547396877244384 , 
30543668174548100 , 
30539939926987936 , 
30536212134508344 , 
30532484797053772 , 
30528757914568676 , 
30525031486997524 , 
30521305514284788 , 
30517579996374944 , 
30513854933212480 , 
30510130324741888 , 
30506406170907668 , 
30502682471654324 , 
30498959226926368 , 
30495236436668320 , 
30491514100824704 , 
30487792219340060 , 
30484070792158920 , 
30480349819225836 , 
30476629300485356 , 
30472909235882040 , 
30469189625360460 , 
30465470468865188 , 
30461751766340800 , 
30458033517731888 , 
30454315722983044 , 
30450598382038868 , 
30446881494843964 , 
30443165061342956 , 
30439449081480452 , 
30435733555201088 , 
30432018482449500 , 
30428303863170320 , 
30424589697308204 , 
30420875984807804 , 
30417162725613780 , 
30413449919670804 , 
30409737566923544 , 
30406025667316692 , 
30402314220794924 , 
30398603227302944 , 
30394892686785452 , 
30391182599187156 , 
30387472964452772 , 
30383763782527020 , 
30380055053354628 , 
30376346776880340 , 
30372638953048888 , 
30368931581805024 , 
30365224663093508 , 
30361518196859100 , 
30357812183046572 , 
30354106621600692 , 
30350401512466252 , 
30346696855588036 , 
30342992650910844 , 
30339288898379476 , 
30335585597938740 , 
30331882749533460 , 
30328180353108452 , 
30324478408608548 , 
30320776915978588 , 
30317075875163412 , 
30313375286107872 , 
30309675148756824 , 
30305975463055128 , 
30302276228947664 , 
30298577446379300 , 
30294879115294920 , 
30291181235639424 , 
30287483807357700 , 
30283786830394652 , 
30280090304695196 , 
30276394230204248 , 
30272698606866732 , 
30269003434627576 , 
30265308713431720 , 
30261614443224112 , 
30257920623949696 , 
30254227255553432 , 
30250534337980288 , 
30246841871175232 , 
30243149855083244 , 
30239458289649308 , 
30235767174818412 , 
30232076510535560 , 
30228386296745752 , 
30224696533394000 , 
30221007220425328 , 
30217318357784752 , 
30213629945417312 , 
30209941983268040 , 
30206254471281984 , 
30202567409404200 , 
30198880797579736 , 
30195194635753664 , 
30191508923871060 , 
30187823661876992 , 
30184138849716556 , 
30180454487334836 , 
30176770574676932 , 
30173087111687956 , 
30169404098313012 , 
30165721534497224 , 
30162039420185712 , 
30158357755323616 , 
30154676539856068 , 
30150995773728220 , 
30147315456885216 , 
30143635589272224 , 
30139956170834404 , 
30136277201516928 , 
30132598681264980 , 
30128920610023740 , 
30125242987738404 , 
30121565814354172 , 
30117889089816244 , 
30114212814069840 , 
30110536987060176 , 
30106861608732476 , 
30103186679031976 , 
30099512197903916 , 
30095838165293536 , 
30092164581146092 , 
30088491445406844 , 
30084818758021060 , 
30081146518934008 , 
30077474728090972 , 
30073803385437236 , 
30070132490918088 , 
30066462044478836 , 
30062792046064780 , 
30059122495621236 , 
30055453393093524 , 
30051784738426964 , 
30048116531566896 , 
30044448772458656 , 
30040781461047592 , 
30037114597279052 , 
30033448181098404 , 
30029782212451004 , 
30026116691282232 , 
30022451617537468 , 
30018786991162092 , 
30015122812101500 , 
30011459080301096 , 
30007795795706276 , 
30004132958262464 , 
30000470567915072 , 
29996808624609528 , 
29993147128291268 , 
29989486078905724 , 
29985825476398352 , 
29982165320714596 , 
29978505611799920 , 
29974846349599788 , 
29971187534059672 , 
29967529165125056 , 
29963871242741424 , 
29960213766854268 , 
29956556737409084 , 
29952900154351384 , 
29949244017626676 , 
29945588327180484 , 
29941933082958332 , 
29938278284905748 , 
29934623932968276 , 
29930970027091464 , 
29927316567220860 , 
29923663553302024 , 
29920010985280524 , 
29916358863101928 , 
29912707186711820 , 
29909055956055784 , 
29905405171079416 , 
29901754831728308 , 
29898104937948068 , 
29894455489684312 , 
29890806486882656 , 
29887157929488728 , 
29883509817448156 , 
29879862150706584 , 
29876214929209652 , 
29872568152903016 , 
29868921821732336 , 
29865275935643272 , 
29861630494581500 , 
29857985498492700 , 
29854340947322556 , 
29850696841016756 , 
29847053179521004 , 
29843409962781004 , 
29839767190742464 , 
29836124863351108 , 
29832482980552656 , 
29828841542292844 , 
29825200548517408 , 
29821559999172096 , 
29817919894202656 , 
29814280233554844 , 
29810641017174432 , 
29807002245007188 , 
29803363916998888 , 
29799726033095320 , 
29796088593242272 , 
29792451597385544 , 
29788815045470940 , 
29785178937444268 , 
29781543273251356 , 
29777908052838016 , 
29774273276150088 , 
29770638943133404 , 
29767005053733808 , 
29763371607897156 , 
29759738605569304 , 
29756106046696112 , 
29752473931223456 , 
29748842259097208 , 
29745211030263256 , 
29741580244667488 , 
29737949902255800 , 
29734320002974100 , 
29730690546768296 , 
29727061533584304 , 
29723432963368048 , 
29719804836065460 , 
29716177151622476 , 
29712549909985036 , 
29708923111099092 , 
29705296754910600 , 
29701670841365524 , 
29698045370409836 , 
29694420341989508 , 
29690795756050524 , 
29687171612538876 , 
29683547911400556 , 
29679924652581572 , 
29676301836027928 , 
29672679461685640 , 
29669057529500736 , 
29665436039419240 , 
29661814991387188 , 
29658194385350624 , 
29654574221255592 , 
29650954499048156 , 
29647335218674372 , 
29643716380080308 , 
29640097983212044 , 
29636480028015656 , 
29632862514437232 , 
29629245442422872 , 
29625628811918676 , 
29622012622870752 , 
29618396875225208 , 
29614781568928176 , 
29611166703925776 , 
29607552280164148 , 
29603938297589424 , 
29600324756147760 , 
29596711655785308 , 
29593098996448228 , 
29589486778082688 , 
29585875000634856 , 
29582263664050920 , 
29578652768277064 , 
29575042313259480 , 
29571432298944372 , 
29567822725277940 , 
29564213592206404 , 
29560604899675980 , 
29556996647632896 , 
29553388836023384 , 
29549781464793684 , 
29546174533890040 , 
29542568043258704 , 
29538961992845940 , 
29535356382598008 , 
29531751212461188 , 
29528146482381748 , 
29524542192305984 , 
29520938342180180 , 
29517334931950636 , 
29513731961563660 , 
29510129430965564 , 
29506527340102660 , 
29502925688921280 , 
29499324477367752 , 
29495723705388412 , 
29492123372929608 , 
29488523479937684 , 
29484924026359008 , 
29481325012139936 , 
29477726437226840 , 
29474128301566100 , 
29470530605104096 , 
29466933347787216 , 
29463336529561864 , 
29459740150374440 , 
29456144210171352 , 
29452548708899020 , 
29448953646503860 , 
29445359022932308 , 
29441764838130800 , 
29438171092045776 , 
29434577784623680 , 
29430984915810976 , 
29427392485554124 , 
29423800493799592 , 
29420208940493852 , 
29416617825583392 , 
29413027149014692 , 
29409436910734256 , 
29405847110688576 , 
29402257748824168 , 
29398668825087540 , 
29395080339425216 , 
29391492291783724 , 
29387904682109596 , 
29384317510349376 , 
29380730776449604 , 
29377144480356840 , 
29373558622017644 , 
29369973201378576 , 
29366388218386216 , 
29362803672987144 , 
29359219565127940 , 
29355635894755200 , 
29352052661815520 , 
29348469866255512 , 
29344887508021784 , 
29341305587060956 , 
29337724103319652 , 
29334143056744508 , 
29330562447282156 , 
29326982274879240 , 
29323402539482420 , 
29319823241038348 , 
29316244379493684 , 
29312665954795108 , 
29309087966889292 , 
29305510415722920 , 
29301933301242684 , 
29298356623395280 , 
29294780382127412 , 
29291204577385788 , 
29287629209117128 , 
29284054277268148 , 
29280479781785584 , 
29276905722616168 , 
29273332099706648 , 
29269758913003764 , 
29266186162454280 , 
29262613848004952 , 
29259041969602552 , 
29255470527193852 , 
29251899520725636 , 
29248328950144688 , 
29244758815397808 , 
29241189116431792 , 
29237619853193448 , 
29234051025629592 , 
29230482633687044 , 
29226914677312628 , 
29223347156453180 , 
29219780071055540 , 
29216213421066556 , 
29212647206433076 , 
29209081427101960 , 
29205516083020076 , 
29201951174134296 , 
29198386700391496 , 
29194822661738564 , 
29191259058122396 , 
29187695889489880 , 
29184133155787928 , 
29180570856963448 , 
29177008992963356 , 
29173447563734584 , 
29169886569224056 , 
29166326009378708 , 
29162765884145488 , 
29159206193471340 , 
29155646937303228 , 
29152088115588112 , 
29148529728272956 , 
29144971775304744 , 
29141414256630456 , 
29137857172197080 , 
29134300521951608 , 
29130744305841048 , 
29127188523812400 , 
29123633175812688 , 
29120078261788928 , 
29116523781688152 , 
29112969735457388 , 
29109416123043680 , 
29105862944394072 , 
29102310199455620 , 
29098757888175388 , 
29095206010500436 , 
29091654566377840 , 
29088103555754676 , 
29084552978578036 , 
29081002834795008 , 
29077453124352688 , 
29073903847198188 , 
29070355003278616 , 
29066806592541088 , 
29063258614932736 , 
29059711070400680 , 
29056163958892068 , 
29052617280354036 , 
29049071034733740 , 
29045525221978336 , 
29041979842034984 , 
29038434894850852 , 
29034890380373124 , 
29031346298548980 , 
29027802649325604 , 
29024259432650196 , 
29020716648469956 , 
29017174296732092 , 
29013632377383824 , 
29010090890372368 , 
29006549835644952 , 
29003009213148812 , 
28999469022831188 , 
28995929264639324 , 
28992389938520480 , 
28988851044421912 , 
28985312582290888 , 
28981774552074676 , 
28978236953720564 , 
28974699787175828 , 
28971163052387764 , 
28967626749303676 , 
28964090877870860 , 
28960555438036632 , 
28957020429748312 , 
28953485852953220 , 
28949951707598688 , 
28946417993632052 , 
28942884711000660 , 
28939351859651856 , 
28935819439533000 , 
28932287450591456 , 
28928755892774592 , 
28925224766029784 , 
28921694070304412 , 
28918163805545864 , 
28914633971701536 , 
28911104568718836 , 
28907575596545160 , 
28904047055127932 , 
28900518944414568 , 
28896991264352496 , 
28893464014889148 , 
28889937195971964 , 
28886410807548396 , 
28882884849565888 , 
28879359321971908 , 
28875834224713912 , 
28872309557739380 , 
28868785320995788 , 
28865261514430616 , 
28861738137991364 , 
28858215191625524 , 
28854692675280596 , 
28851170588904100 , 
28847648932443548 , 
28844127705846464 , 
28840606909060372 , 
28837086542032820 , 
28833566604711336 , 
28830047097043484 , 
28826528018976804 , 
28823009370458872 , 
28819491151437244 , 
28815973361859504 , 
28812456001673224 , 
28808939070826000 , 
28805422569265420 , 
28801906496939084 , 
28798390853794600 , 
28794875639779584 , 
28791360854841648 , 
28787846498928424 , 
28784332571987540 , 
28780819073966640 , 
28777306004813360 , 
28773793364475360 , 
28770281152900292 , 
28766769370035820 , 
28763258015829616 , 
28759747090229360 , 
28756236593182728 , 
28752726524637416 , 
28749216884541116 , 
28745707672841532 , 
28742198889486372 , 
28738690534423352 , 
28735182607600192 , 
28731675108964620 , 
28728168038464372 , 
28724661396047184 , 
28721155181660808 , 
28717649395252996 , 
28714144036771508 , 
28710639106164112 , 
28707134603378572 , 
28703630528362676 , 
28700126881064204 , 
28696623661430952 , 
28693120869410716 , 
28689618504951296 , 
28686116568000508 , 
28682615058506168 , 
28679113976416100 , 
28675613321678132 , 
28672113094240100 , 
28668613294049848 , 
28665113921055224 , 
28661614975204084 , 
28658116456444292 , 
28654618364723708 , 
28651120699990216 , 
28647623462191692 , 
28644126651276020 , 
28640630267191100 , 
28637134309884832 , 
28633638779305112 , 
28630143675399864 , 
28626648998117004 , 
28623154747404452 , 
28619660923210144 , 
28616167525482020 , 
28612674554168016 , 
28609182009216092 , 
28605689890574204 , 
28602198198190308 , 
28598706932012380 , 
28595216091988396 , 
28591725678066332 , 
28588235690194188 , 
28584746128319948 , 
28581256992391620 , 
28577768282357212 , 
28574279998164732 , 
28570792139762208 , 
28567304707097664 , 
28563817700119132 , 
28560331118774652 , 
28556844963012268 , 
28553359232780040 , 
28549873928026016 , 
28546389048698268 , 
28542904594744864 , 
28539420566113884 , 
28535936962753412 , 
28532453784611536 , 
28528971031636352 , 
28525488703775968 , 
28522006800978488 , 
28518525323192028 , 
28515044270364712 , 
28511563642444668 , 
28508083439380032 , 
28504603661118940 , 
28501124307609544 , 
28497645378800000 , 
28494166874638460 , 
28490688795073092 , 
28487211140052072 , 
28483733909523580 , 
28480257103435800 , 
28476780721736920 , 
28473304764375140 , 
28469829231298664 , 
28466354122455704 , 
28462879437794476 , 
28459405177263204 , 
28455931340810116 , 
28452457928383448 , 
28448984939931444 , 
28445512375402348 , 
28442040234744420 , 
28438568517905916 , 
28435097224835108 , 
28431626355480268 , 
28428155909789676 , 
28424685887711620 , 
28421216289194388 , 
28417747114186284 , 
28414278362635608 , 
28410810034490676 , 
28407342129699804 , 
28403874648211316 , 
28400407589973548 , 
28396940954934828 , 
28393474743043504 , 
28390008954247924 , 
28386543588496444 , 
28383078645737424 , 
28379614125919240 , 
28376150028990256 , 
28372686354898864 , 
28369223103593440 , 
28365760275022384 , 
28362297869134096 , 
28358835885876984 , 
28355374325199452 , 
28351913187049928 , 
28348452471376828 , 
28344992178128592 , 
28341532307253656 , 
28338072858700460 , 
28334613832417452 , 
28331155228353100 , 
28327697046455852 , 
28324239286674188 , 
28320781948956580 , 
28317325033251512 , 
28313868539507464 , 
28310412467672940 , 
28306956817696436 , 
28303501589526456 , 
28300046783111520 , 
28296592398400140 , 
28293138435340844 , 
28289684893882168 , 
28286231773972648 , 
28282779075560824 , 
28279326798595256 , 
28275874943024492 , 
28272423508797096 , 
28268972495861644 , 
28265521904166708 , 
28262071733660872 , 
28258621984292724 , 
28255172656010856 , 
28251723748763868 , 
28248275262500376 , 
28244827197168984 , 
28241379552718316 , 
28237932329096996 , 
28234485526253660 , 
28231039144136944 , 
28227593182695492 , 
28224147641877960 , 
28220702521633000 , 
28217257821909280 , 
28213813542655464 , 
28210369683820236 , 
28206926245352272 , 
28203483227200264 , 
28200040629312904 , 
28196598451638896 , 
28193156694126952 , 
28189715356725776 , 
28186274439384096 , 
28182833942050632 , 
28179393864674124 , 
28175954207203304 , 
28172514969586920 , 
28169076151773728 , 
28165637753712476 , 
28162199775351932 , 
28158762216640872 , 
28155325077528064 , 
28151888357962292 , 
28148452057892352 , 
28145016177267028 , 
28141580716035132 , 
28138145674145464 , 
28134711051546844 , 
28131276848188088 , 
28127843064018024 , 
28124409698985480 , 
28120976753039304 , 
28117544226128332 , 
28114112118201424 , 
28110680429207428 , 
28107249159095216 , 
28103818307813656 , 
28100387875311620 , 
28096957861537996 , 
28093528266441668 , 
28090099089971536 , 
28086670332076500 , 
28083241992705464 , 
28079814071807348 , 
28076386569331064 , 
28072959485225544 , 
28069532819439720 , 
28066106571922532 , 
28062680742622920 , 
28059255331489836 , 
28055830338472240 , 
28052405763519096 , 
28048981606579372 , 
28045557867602044 , 
28042134546536096 , 
28038711643330516 , 
28035289157934300 , 
28031867090296444 , 
28028445440365960 , 
28025024208091860 , 
28021603393423164 , 
28018182996308900 , 
28014763016698092 , 
28011343454539788 , 
28007924309783028 , 
28004505582376864 , 
28001087272270352 , 
27997669379412552 , 
27994251903752540 , 
27990834845239392 , 
27987418203822180 , 
27984001979450004 , 
27980586172071948 , 
27977170781637120 , 
27973755808094624 , 
27970341251393576 , 
27966927111483088 , 
27963513388312292 , 
27960100081830316 , 
27956687191986296 , 
27953274718729384 , 
27949862662008720 , 
27946451021773468 , 
27943039797972788 , 
27939628990555848 , 
27936218599471824 , 
27932808624669900 , 
27929399066099256 , 
27925989923709092 , 
27922581197448608 , 
27919172887267004 , 
27915764993113496 , 
27912357514937304 , 
27908950452687652 , 
27905543806313772 , 
27902137575764896 , 
27898731760990268 , 
27895326361939144 , 
27891921378560772 , 
27888516810804420 , 
27885112658619352 , 
27881708921954840 , 
27878305600760172 , 
27874902694984628 , 
27871500204577500 , 
27868098129488096 , 
27864696469665708 , 
27861295225059660 , 
27857894395619260 , 
27854493981293840 , 
27851093982032720 , 
27847694397785244 , 
27844295228500752 , 
27840896474128592 , 
27837498134618116 , 
27834100209918688 , 
27830702699979676 , 
27827305604750452 , 
27823908924180396 , 
27820512658218888 , 
27817116806815328 , 
27813721369919108 , 
27810326347479636 , 
27806931739446320 , 
27803537545768576 , 
27800143766395828 , 
27796750401277500 , 
27793357450363036 , 
27789964913601868 , 
27786572790943452 , 
27783181082337232 , 
27779789787732676 , 
27776398907079244 , 
27773008440326412 , 
27769618387423652 , 
27766228748320456 , 
27762839522966308 , 
27759450711310712 , 
27756062313303160 , 
27752674328893172 , 
27749286758030256 , 
27745899600663936 , 
27742512856743740 , 
27739126526219200 , 
27735740609039856 , 
27732355105155256 , 
27728970014514948 , 
27725585337068492 , 
27722201072765452 , 
27718817221555404 , 
27715433783387916 , 
27712050758212576 , 
27708668145978972 , 
27705285946636696 , 
27701904160135356 , 
27698522786424556 , 
27695141825453908 , 
27691761277173032 , 
27688381141531556 , 
27685001418479112 , 
27681622107965336 , 
27678243209939876 , 
27674864724352380 , 
27671486651152504 , 
27668108990289908 , 
27664731741714268 , 
27661354905375256 , 
27657978481222552 , 
27654602469205844 , 
27651226869274824 , 
27647851681379196 , 
27644476905468664 , 
27641102541492936 , 
27637728589401732 , 
27634355049144780 , 
27630981920671808 , 
27627609203932552 , 
27624236898876752 , 
27620865005454164 , 
27617493523614532 , 
27614122453307628 , 
27610751794483212 , 
27607381547091060 , 
27604011711080952 , 
27600642286402676 , 
27597273273006016 , 
27593904670840772 , 
27590536479856756 , 
27587168700003768 , 
27583801331231628 , 
27580434373490160 , 
27577067826729188 , 
27573701690898552 , 
27570335965948092 , 
27566970651827652 , 
27563605748487084 , 
27560241255876248 , 
27556877173945012 , 
27553513502643244 , 
27550150241920824 , 
27546787391727632 , 
27543424952013564 , 
27540062922728508 , 
27536701303822372 , 
27533340095245060 , 
27529979296946484 , 
27526618908876572 , 
27523258930985244 , 
27519899363222436 , 
27516540205538084 , 
27513181457882136 , 
27509823120204536 , 
27506465192455248 , 
27503107674584232 , 
27499750566541456 , 
27496393868276900 , 
27493037579740540 , 
27489681700882364 , 
27486326231652368 , 
27482971172000548 , 
27479616521876912 , 
27476262281231476 , 
27472908450014248 , 
27469555028175264 , 
27466202015664544 , 
27462849412432128 , 
27459497218428060 , 
27456145433602388 , 
27452794057905160 , 
27449443091286448 , 
27446092533696308 , 
27442742385084820 , 
27439392645402060 , 
27436043314598116 , 
27432694392623072 , 
27429345879427032 , 
27425997774960096 , 
27422650079172376 , 
27419302792013984 , 
27415955913435044 , 
27412609443385684 , 
27409263381816036 , 
27405917728676240 , 
27402572483916440 , 
27399227647486792 , 
27395883219337452 , 
27392539199418584 , 
27389195587680360 , 
27385852384072956 , 
27382509588546552 , 
27379167201051336 , 
27375825221537504 , 
27372483649955260 , 
27369142486254808 , 
27365801730386356 , 
27362461382300132 , 
27359121441946352 , 
27355781909275256 , 
27352442784237072 , 
27349104066782048 , 
27345765756860436 , 
27342427854422484 , 
27339090359418460 , 
27335753271798628 , 
27332416591513264 , 
27329080318512644 , 
27325744452747056 , 
27322408994166792 , 
27319073942722148 , 
27315739298363432 , 
27312405061040948 , 
27309071230705016 , 
27305737807305956 , 
27302404790794096 , 
27299072181119772 , 
27295739978233324 , 
27292408182085100 , 
27289076792625448 , 
27285745809804728 , 
27282415233573308 , 
27279085063881552 , 
27275755300679844 , 
27272425943918560 , 
27269096993548092 , 
27265768449518836 , 
27262440311781188 , 
27259112580285560 , 
27255785254982364 , 
27252458335822016 , 
27249131822754948 , 
27245805715731580 , 
27242480014702360 , 
27239154719617724 , 
27235829830428124 , 
27232505347084016 , 
27229181269535860 , 
27225857597734124 , 
27222534331629280 , 
27219211471171808 , 
27215889016312196 , 
27212566967000936 , 
27209245323188520 , 
27205924084825456 , 
27202603251862252 , 
27199282824249424 , 
27195962801937496 , 
27192643184876992 , 
27189323973018452 , 
27186005166312408 , 
27182686764709408 , 
27179368768160008 , 
27176051176614764 , 
27172733990024240 , 
27169417208339008 , 
27166100831509640 , 
27162784859486716 , 
27159469292220832 , 
27156154129662580 , 
27152839371762556 , 
27149525018471368 , 
27146211069739632 , 
27142897525517960 , 
27139584385756984 , 
27136271650407328 , 
27132959319419628 , 
27129647392744532 , 
27126335870332684 , 
27123024752134740 , 
27119714038101364 , 
27116403728183216 , 
27113093822330972 , 
27109784320495308 , 
27106475222626912 , 
27103166528676472 , 
27099858238594688 , 
27096550352332260 , 
27093242869839896 , 
27089935791068312 , 
27086629115968228 , 
27083322844490372 , 
27080016976585476 , 
27076711512204280 , 
27073406451297528 , 
27070101793815968 , 
27066797539710356 , 
27063493688931460 , 
27060190241430048 , 
27056887197156892 , 
27053584556062776 , 
27050282318098480 , 
27046980483214808 , 
27043679051362548 , 
27040378022492508 , 
27037077396555504 , 
27033777173502348 , 
27030477353283864 , 
27027177935850880 , 
27023878921154232 , 
27020580309144760 , 
27017282099773312 , 
27013984292990736 , 
27010686888747900 , 
27007389886995664 , 
27004093287684896 , 
27000797090766476 , 
26997501296191284 , 
26994205903910216 , 
26990910913874160 , 
26987616326034016 , 
26984322140340696 , 
26981028356745112 , 
26977734975198180 , 
26974441995650824 , 
26971149418053980 , 
26967857242358580 , 
26964565468515568 , 
26961274096475892 , 
26957983126190512 , 
26954692557610380 , 
26951402390686468 , 
26948112625369752 , 
26944823261611200 , 
26941534299361808 , 
26938245738572560 , 
26934957579194456 , 
26931669821178496 , 
26928382464475692 , 
26925095509037052 , 
26921808954813604 , 
26918522801756372 , 
26915237049816384 , 
26911951698944684 , 
26908666749092316 , 
26905382200210332 , 
26902098052249780 , 
26898814305161732 , 
26895530958897248 , 
26892248013407412 , 
26888965468643296 , 
26885683324555988 , 
26882401581096584 , 
26879120238216180 , 
26875839295865880 , 
26872558753996792 , 
26869278612560036 , 
26865998871506732 , 
26862719530788008 , 
26859440590354996 , 
26856162050158840 , 
26852883910150688 , 
26849606170281684 , 
26846328830502992 , 
26843051890765772 , 
26839775351021196 , 
26836499211220440 , 
26833223471314684 , 
26829948131255120 , 
26826673190992936 , 
26823398650479332 , 
26820124509665520 , 
26816850768502704 , 
26813577426942104 , 
26810304484934948 , 
26807031942432456 , 
26803759799385872 , 
26800488055746432 , 
26797216711465388 , 
26793945766493988 , 
26790675220783492 , 
26787405074285168 , 
26784135326950288 , 
26780865978730124 , 
26777597029575960 , 
26774328479439088 , 
26771060328270800 , 
26767792576022400 , 
26764525222645192 , 
26761258268090488 , 
26757991712309604 , 
26754725555253872 , 
26751459796874620 , 
26748194437123184 , 
26744929475950900 , 
26741664913309128 , 
26738400749149212 , 
26735136983422516 , 
26731873616080408 , 
26728610647074256 , 
26725348076355444 , 
26722085903875348 , 
26718824129585364 , 
26715562753436888 , 
26712301775381316 , 
26709041195370060 , 
26705781013354532 , 
26702521229286152 , 
26699261843116348 , 
26696002854796548 , 
26692744264278192 , 
26689486071512716 , 
26686228276451580 , 
26682970879046232 , 
26679713879248132 , 
26676457277008752 , 
26673201072279564 , 
26669945265012044 , 
26666689855157676 , 
26663434842667956 , 
26660180227494376 , 
26656926009588436 , 
26653672188901652 , 
26650418765385532 , 
26647165738991600 , 
26643913109671380 , 
26640660877376404 , 
26637409042058212 , 
26634157603668344 , 
26630906562158356 , 
26627655917479796 , 
26624405669584232 , 
26621155818423228 , 
26617906363948356 , 
26614657306111200 , 
26611408644863344 , 
26608160380156380 , 
26604912511941900 , 
26601665040171512 , 
26598417964796824 , 
26595171285769448 , 
26591925003041008 , 
26588679116563128 , 
26585433626287444 , 
26582188532165592 , 
26578943834149216 , 
26575699532189968 , 
26572455626239500 , 
26569212116249480 , 
26565969002171572 , 
26562726283957452 , 
26559483961558796 , 
26556242034927296 , 
26553000504014636 , 
26549759368772520 , 
26546518629152648 , 
26543278285106728 , 
26540038336586480 , 
26536798783543620 , 
26533559625929876 , 
26530320863696980 , 
26527082496796676 , 
26523844525180704 , 
26520606948800812 , 
26517369767608764 , 
26514132981556316 , 
26510896590595236 , 
26507660594677300 , 
26504424993754292 , 
26501189787777992 , 
26497954976700192 , 
26494720560472692 , 
26491486539047292 , 
26488252912375804 , 
26485019680410048 , 
26481786843101836 , 
26478554400402996 , 
26475322352265368 , 
26472090698640788 , 
26468859439481096 , 
26465628574738144 , 
26462398104363796 , 
26459168028309904 , 
26455938346528340 , 
26452709058970980 , 
26449480165589700 , 
26446251666336388 , 
26443023561162940 , 
26439795850021244 , 
26436568532863212 , 
26433341609640748 , 
26430115080305768 , 
26426888944810192 , 
26423663203105952 , 
26420437855144976 , 
26417212900879204 , 
26413988340260580 , 
26410764173241056 , 
26407540399772584 , 
26404317019807128 , 
26401094033296660 , 
26397871440193148 , 
26394649240448576 , 
26391427434014924 , 
26388206020844192 , 
26384985000888368 , 
26381764374099460 , 
26378544140429476 , 
26375324299830432 , 
26372104852254348 , 
26368885797653248 , 
26365667135979164 , 
26362448867184140 , 
26359230991220216 , 
26356013508039444 , 
26352796417593876 , 
26349579719835576 , 
26346363414716612 , 
26343147502189056 , 
26339931982204984 , 
26336716854716492 , 
26333502119675660 , 
26330287777034588 , 
26327073826745380 , 
26323860268760140 , 
26320647103030992 , 
26317434329510044 , 
26314221948149428 , 
26311009958901280 , 
26307798361717728 , 
26304587156550924 , 
26301376343353012 , 
26298165922076152 , 
26294955892672500 , 
26291746255094224 , 
26288537009293496 , 
26285328155222500 , 
26282119692833412 , 
26278911622078428 , 
26275703942909744 , 
26272496655279560 , 
26269289759140084 , 
26266083254443532 , 
26262877141142116 , 
26259671419188068 , 
26256466088533620 , 
26253261149131004 , 
26250056600932464 , 
26246852443890252 , 
26243648677956616 , 
26240445303083820 , 
26237242319224132 , 
26234039726329820 , 
26230837524353164 , 
26227635713246448 , 
26224434292961960 , 
26221233263451992 , 
26218032624668848 , 
26214832376564840 , 
26211632519092272 , 
26208433052203464 , 
26205233975850744 , 
26202035289986440 , 
26198836994562888 , 
26195639089532428 , 
26192441574847412 , 
26189244450460188 , 
26186047716323120 , 
26182851372388568 , 
26179655418608908 , 
26176459854936512 , 
26173264681323764 , 
26170069897723052 , 
26166875504086772 , 
26163681500367320 , 
26160487886517108 , 
26157294662488540 , 
26154101828234036 , 
26150909383706024 , 
26147717328856924 , 
26144525663639180 , 
26141334388005224 , 
26138143501907508 , 
26134953005298480 , 
26131762898130600 , 
26128573180356336 , 
26125383851928148 , 
26122194912798520 , 
26119006362919928 , 
26115818202244860 , 
26112630430725812 , 
26109443048315276 , 
26106256054965760 , 
26103069450629776 , 
26099883235259840 , 
26096697408808468 , 
26093511971228192 , 
26090326922471548 , 
26087142262491068 , 
26083957991239300 , 
26080774108668796 , 
26077590614732112 , 
26074407509381812 , 
26071224792570460 , 
26068042464250628 , 
26064860524374904 , 
26061678972895868 , 
26058497809766108 , 
26055317034938228 , 
26052136648364828 , 
26048956649998516 , 
26045777039791904 , 
26042597817697620 , 
26039418983668280 , 
26036240537656520 , 
26033062479614980 , 
26029884809496300 , 
26026707527253128 , 
26023530632838120 , 
26020354126203940 , 
26017178007303252 , 
26014002276088728 , 
26010826932513044 , 
26007651976528884 , 
26004477408088940 , 
26001303227145908 , 
25998129433652488 , 
25994956027561384 , 
25991783008825308 , 
25988610377396984 , 
25985438133229132 , 
25982266276274484 , 
25979094806485772 , 
25975923723815740 , 
25972753028217136 , 
25969582719642712 , 
25966412798045228 , 
25963243263377448 , 
25960074115592140 , 
25956905354642080 , 
25953736980480052 , 
25950568993058844 , 
25947401392331244 , 
25944234178250060 , 
25941067350768092 , 
25937900909838148 , 
25934734855413048 , 
25931569187445612 , 
25928403905888672 , 
25925239010695056 , 
25922074501817608 , 
25918910379209168 , 
25915746642822592 , 
25912583292610736 , 
25909420328526456 , 
25906257750522632 , 
25903095558552128 , 
25899933752567824 , 
25896772332522612 , 
25893611298369380 , 
25890450650061020 , 
25887290387550444 , 
25884130510790552 , 
25880971019734264 , 
25877811914334496 , 
25874653194544172 , 
25871494860316232 , 
25868336911603604 , 
25865179348359236 , 
25862022170536076 , 
25858865378087076 , 
25855708970965200 , 
25852552949123412 , 
25849397312514680 , 
25846242061091988 , 
25843087194808312 , 
25839932713616648 , 
25836778617469984 , 
25833624906321328 , 
25830471580123676 , 
25827318638830048 , 
25824166082393460 , 
25821013910766932 , 
25817862123903496 , 
25814710721756184 , 
25811559704278040 , 
25808409071422108 , 
25805258823141436 , 
25802108959389092 , 
25798959480118128 , 
25795810385281624 , 
25792661674832644 , 
25789513348724276 , 
25786365406909604 , 
25783217849341720 , 
25780070675973720 , 
25776923886758712 , 
25773777481649800 , 
25770631460600104 , 
25767485823562740 , 
25764340570490836 , 
25761195701337528 , 
25758051216055944 , 
25754907114599240 , 
25751763396920556 , 
25748620062973048 , 
25745477112709880 , 
25742334546084216 , 
25739192363049232 , 
25736050563558100 , 
25732909147564008 , 
25729768115020144 , 
25726627465879704 , 
25723487200095884 , 
25720347317621896 , 
25717207818410948 , 
25714068702416260 , 
25710929969591056 , 
25707791619888564 , 
25704653653262020 , 
25701516069664660 , 
25698378869049740 , 
25695242051370504 , 
25692105616580212 , 
25688969564632128 , 
25685833895479520 , 
25682698609075664 , 
25679563705373840 , 
25676429184327336 , 
25673295045889444 , 
25670161290013460 , 
25667027916652684 , 
25663894925760432 , 
25660762317290012 , 
25657630091194752 , 
25654498247427972 , 
25651366785943008 , 
25648235706693196 , 
25645105009631880 , 
25641974694712404 , 
25638844761888128 , 
25635715211112412 , 
25632586042338624 , 
25629457255520128 , 
25626328850610308 , 
25623200827562548 , 
25620073186330232 , 
25616945926866756 , 
25613819049125524 , 
25610692553059936 , 
25607566438623408 , 
25604440705769356 , 
25601315354451200 , 
25598190384622376 , 
25595065796236308 , 
25591941589246448 , 
25588817763606232 , 
25585694319269112 , 
25582571256188552 , 
25579448574318008 , 
25576326273610952 , 
25573204354020856 , 
25570082815501204 , 
25566961658005476 , 
25563840881487164 , 
25560720485899768 , 
25557600471196788 , 
25554480837331732 , 
25551361584258116 , 
25548242711929460 , 
25545124220299284 , 
25542006109321124 , 
25538888378948516 , 
25535771029134996 , 
25532654059834120 , 
25529537470999440 , 
25526421262584512 , 
25523305434542900 , 
25520189986828180 , 
25517074919393924 , 
25513960232193716 , 
25510845925181144 , 
25507731998309796 , 
25504618451533276 , 
25501505284805188 , 
25498392498079140 , 
25495280091308752 , 
25492168064447640 , 
25489056417449436 , 
25485945150267768 , 
25482834262856280 , 
25479723755168612 , 
25476613627158416 , 
25473503878779348 , 
25470394509985068 , 
25467285520729240 , 
25464176910965540 , 
25461068680647648 , 
25457960829729240 , 
25454853358164016 , 
25451746265905660 , 
25448639552907884 , 
25445533219124384 , 
25442427264508880 , 
25439321689015084 , 
25436216492596724 , 
25433111675207524 , 
25430007236801220 , 
25426903177331556 , 
25423799496752276 , 
25420696195017132 , 
25417593272079876 , 
25414490727894276 , 
25411388562414104 , 
25408286775593124 , 
25405185367385124 , 
25402084337743888 , 
25398983686623204 , 
25395883413976868 , 
25392783519758688 , 
25389684003922468 , 
25386584866422024 , 
25383486107211172 , 
25380387726243740 , 
25377289723473556 , 
25374192098854456 , 
25371094852340288 , 
25367997983884888 , 
25364901493442120 , 
25361805380965840 , 
25358709646409904 , 
25355614289728196 , 
25352519310874580 , 
25349424709802940 , 
25346330486467168 , 
25343236640821148 , 
25340143172818788 , 
25337050082413984 , 
25333957369560648 , 
25330865034212696 , 
25327773076324044 , 
25324681495848628 , 
25321590292740368 , 
25318499466953208 , 
25315409018441092 , 
25312318947157968 , 
25309229253057788 , 
25306139936094512 , 
25303050996222108 , 
25299962433394544 , 
25296874247565800 , 
25293786438689860 , 
25290699006720708 , 
25287611951612336 , 
25284525273318752 , 
25281438971793952 , 
25278353046991948 , 
25275267498866760 , 
25272182327372408 , 
25269097532462920 , 
25266013114092324 , 
25262929072214668 , 
25259845406783988 , 
25256762117754336 , 
25253679205079768 , 
25250596668714344 , 
25247514508612136 , 
25244432724727208 , 
25241351317013644 , 
25238270285425524 , 
25235189629916936 , 
25232109350441980 , 
25229029446954752 , 
25225949919409360 , 
25222870767759916 , 
25219791991960532 , 
25216713591965336 , 
25213635567728452 , 
25210557919204020 , 
25207480646346176 , 
25204403749109060 , 
25201327227446832 , 
25198251081313644 , 
25195175310663656 , 
25192099915451036 , 
25189024895629960 , 
25185950251154604 , 
25182875981979152 , 
25179802088057796 , 
25176728569344732 , 
25173655425794156 , 
25170582657360280 , 
25167510263997312 , 
25164438245659472 , 
25161366602300984 , 
25158295333876076 , 
25155224440338984 , 
25152153921643944 , 
25149083777745208 , 
25146014008597020 , 
25142944614153644 , 
25139875594369336 , 
25136806949198368 , 
25133738678595012 , 
25130670782513552 , 
25127603260908264 , 
25124536113733444 , 
25121469340943388 , 
25118402942492396 , 
25115336918334776 , 
25112271268424840 , 
25109205992716908 , 
25106141091165300 , 
25103076563724348 , 
25100012410348388 , 
25096948630991760 , 
25093885225608808 , 
25090822194153888 , 
25087759536581352 , 
25084697252845564 , 
25081635342900896 , 
25078573806701720 , 
25075512644202412 , 
25072451855357364 , 
25069391440120960 , 
25066331398447604 , 
25063271730291688 , 
25060212435607628 , 
25057153514349832 , 
25054094966472720 , 
25051036791930716 , 
25047978990678252 , 
25044921562669760 , 
25041864507859680 , 
25038807826202460 , 
25035751517652552 , 
25032695582164416 , 
25029640019692512 , 
25026584830191308 , 
25023530013615280 , 
25020475569918904 , 
25017421499056672 , 
25014367800983068 , 
25011314475652592 , 
25008261523019744 , 
25005208943039036 , 
25002156735664976 , 
24999104900852084 , 
24996053438554884 , 
24993002348727904 , 
24989951631325684 , 
24986901286302760 , 
24983851313613680 , 
24980801713213000 , 
24977752485055272 , 
24974703629095056 , 
24971655145286932 , 
24968607033585464 , 
24965559293945232 , 
24962511926320828 , 
24959464930666836 , 
24956418306937856 , 
24953372055088484 , 
24950326175073336 , 
24947280666847020 , 
24944235530364156 , 
24941190765579368 , 
24938146372447280 , 
24935102350922536 , 
24932058700959768 , 
24929015422513628 , 
24925972515538768 , 
24922929979989840 , 
24919887815821508 , 
24916846022988444 , 
24913804601445320 , 
24910763551146816 , 
24907722872047612 , 
24904682564102404 , 
24901642627265884 , 
24898603061492756 , 
24895563866737728 , 
24892525042955508 , 
24889486590100820 , 
24886448508128384 , 
24883410796992924 , 
24880373456649184 , 
24877336487051900 , 
24874299888155816 , 
24871263659915688 , 
24868227802286264 , 
24865192315222316 , 
24862157198678604 , 
24859122452609908 , 
24856088076971000 , 
24853054071716668 , 
24850020436801704 , 
24846987172180900 , 
24843954277809056 , 
24840921753640980 , 
24837889599631484 , 
24834857815735384 , 
24831826401907504 , 
24828795358102676 , 
24825764684275728 , 
24822734380381500 , 
24819704446374840 , 
24816674882210600 , 
24813645687843628 , 
24810616863228796 , 
24807588408320960 , 
24804560323075004 , 
24801532607445796 , 
24798505261388224 , 
24795478284857180 , 
24792451677807552 , 
24789425440194244 , 
24786399571972160 , 
24783374073096216 , 
24780348943521320 , 
24777324183202400 , 
24774299792094380 , 
24771275770152200 , 
24768252117330792 , 
24765228833585100 , 
24762205918870076 , 
24759183373140672 , 
24756161196351856 , 
24753139388458584 , 
24750117949415836 , 
24747096879178584 , 
24744076177701812 , 
24741055844940508 , 
24738035880849668 , 
24735016285384288 , 
24731997058499372 , 
24728978200149932 , 
24725959710290980 , 
24722941588877544 , 
24719923835864644 , 
24716906451207316 , 
24713889434860592 , 
24710872786779520 , 
24707856506919148 , 
24704840595234532 , 
24701825051680724 , 
24698809876212796 , 
24695795068785816 , 
24692780629354856 , 
24689766557875004 , 
24686752854301344 , 
24683739518588964 , 
24680726550692972 , 
24677713950568460 , 
24674701718170544 , 
24671689853454336 , 
24668678356374956 , 
24665667226887532 , 
24662656464947188 , 
24659646070509064 , 
24656636043528304 , 
24653626383960048 , 
24650617091759456 , 
24647608166881684 , 
24644599609281896 , 
24641591418915256 , 
24638583595736948 , 
24635576139702140 , 
24632569050766028 , 
24629562328883796 , 
24626555974010644 , 
24623549986101772 , 
24620544365112388 , 
24617539110997704 , 
24614534223712940 , 
24611529703213320 , 
24608525549454068 , 
24605521762390424 , 
24602518341977628 , 
24599515288170924 , 
24596512600925564 , 
24593510280196800 , 
24590508325939900 , 
24587506738110128 , 
24584505516662756 , 
24581504661553068 , 
24578504172736340 , 
24575504050167868 , 
24572504293802940 , 
24569504903596864 , 
24566505879504940 , 
24563507221482480 , 
24560508929484800 , 
24557511003467228 , 
24554513443385080 , 
24551516249193700 , 
24548519420848420 , 
24545522958304584 , 
24542526861517544 , 
24539531130442652 , 
24536535765035272 , 
24533540765250764 , 
24530546131044504 , 
24527551862371868 , 
24524557959188232 , 
24521564421448992 , 
24518571249109536 , 
24515578442125260 , 
24512586000451572 , 
24509593924043880 , 
24506602212857600 , 
24503610866848148 , 
24500619885970956 , 
24497629270181444 , 
24494639019435060 , 
24491649133687240 , 
24488659612893432 , 
24485670457009088 , 
24482681665989668 , 
24479693239790632 , 
24476705178367452 , 
24473717481675604 , 
24470730149670564 , 
24467743182307820 , 
24464756579542860 , 
24461770341331184 , 
24458784467628288 , 
24455798958389684 , 
24452813813570884 , 
24449829033127404 , 
24446844617014768 , 
24443860565188508 , 
24440876877604152 , 
24437893554217240 , 
24434910594983324 , 
24431927999857948 , 
24428945768796668 , 
24425963901755052 , 
24422982398688656 , 
24420001259553060 , 
24417020484303844 , 
24414040072896580 , 
24411060025286868 , 
24408080341430296 , 
24405101021282460 , 
24402122064798972 , 
24399143471935440 , 
24396165242647476 , 
24393187376890704 , 
24390209874620748 , 
24387232735793244 , 
24384255960363824 , 
24381279548288136 , 
24378303499521824 , 
24375327814020540 , 
24372352491739948 , 
24369377532635712 , 
24366402936663496 , 
24363428703778976 , 
24360454833937840 , 
24357481327095764 , 
24354508183208448 , 
24351535402231584 , 
24348562984120872 , 
24345590928832024 , 
24342619236320752 , 
24339647906542772 , 
24336676939453808 , 
24333706335009596 , 
24330736093165860 , 
24327766213878348 , 
24324796697102800 , 
24321827542794968 , 
24318858750910612 , 
24315890321405488 , 
24312922254235368 , 
24309954549356024 , 
24306987206723228 , 
24304020226292768 , 
24301053608020432 , 
24298087351862012 , 
24295121457773312 , 
24292155925710132 , 
24289190755628280 , 
24286225947483580 , 
24283261501231848 , 
24280297416828908 , 
24277333694230592 , 
24274370333392744 , 
24271407334271200 , 
24268444696821808 , 
24265482421000424 , 
24262520506762908 , 
24259558954065116 , 
24256597762862928 , 
24253636933112212 , 
24250676464768848 , 
24247716357788724 , 
24244756612127732 , 
24241797227741768 , 
24238838204586732 , 
24235879542618528 , 
24232921241793076 , 
24229963302066288 , 
24227005723394092 , 
24224048505732412 , 
24221091649037184 , 
24218135153264348 , 
24215179018369848 , 
24212223244309632 , 
24209267831039660 , 
24206312778515892 , 
24203358086694292 , 
24200403755530832 , 
24197449784981492 , 
24194496175002248 , 
24191542925549096 , 
24188590036578024 , 
24185637508045032 , 
24182685339906120 , 
24179733532117304 , 
24176782084634596 , 
24173830997414016 , 
24170880270411584 , 
24167929903583340 , 
24164979896885316 , 
24162030250273552 , 
24159080963704092 , 
24156132037132996 , 
24153183470516320 , 
24150235263810120 , 
24147287416970472 , 
24144339929953448 , 
24141392802715120 , 
24138446035211584 , 
24135499627398920 , 
24132553579233228 , 
24129607890670608 , 
24126662561667164 , 
24123717592179008 , 
24120772982162260 , 
24117828731573036 , 
24114884840367468 , 
24111941308501684 , 
24108998135931828 , 
24106055322614036 , 
24103112868504464 , 
24100170773559260 , 
24097229037734588 , 
24094287660986608 , 
24091346643271496 , 
24088405984545420 , 
24085465684764568 , 
24082525743885124 , 
24079586161863276 , 
24076646938655224 , 
24073708074217168 , 
24070769568505320 , 
24067831421475888 , 
24064893633085092 , 
24061956203289156 , 
24059019132044312 , 
24056082419306784 , 
24053146065032824 , 
24050210069178668 , 
24047274431700572 , 
24044339152554784 , 
24041404231697576 , 
24038469669085204 , 
24035535464673944 , 
24032601618420076 , 
24029668130279876 , 
24026735000209636 , 
24023802228165648 , 
24020869814104208 , 
24017937757981624 , 
24015006059754204 , 
24012074719378256 , 
24009143736810108 , 
24006213112006080 , 
24003282844922504 , 
24000352935515716 , 
23997423383742052 , 
23994494189557868 , 
23991565352919508 , 
23988636873783332 , 
23985708752105700 , 
23982780987842980 , 
23979853580951548 , 
23976926531387780 , 
23973999839108056 , 
23971073504068772 , 
23968147526226320 , 
23965221905537096 , 
23962296641957508 , 
23959371735443964 , 
23956447185952880 , 
23953522993440680 , 
23950599157863788 , 
23947675679178632 , 
23944752557341656 , 
23941829792309296 , 
23938907384038000 , 
23935985332484224 , 
23933063637604424 , 
23930142299355064 , 
23927221317692608 , 
23924300692573540 , 
23921380423954332 , 
23918460511791468 , 
23915540956041440 , 
23912621756660748 , 
23909702913605884 , 
23906784426833356 , 
23903866296299680 , 
23900948521961368 , 
23898031103774944 , 
23895114041696932 , 
23892197335683868 , 
23889280985692288 , 
23886364991678736 , 
23883449353599760 , 
23880534071411912 , 
23877619145071752 , 
23874704574535844 , 
23871790359760760 , 
23868876500703068 , 
23865962997319356 , 
23863049849566208 , 
23860137057400208 , 
23857224620777960 , 
23854312539656060 , 
23851400813991120 , 
23848489443739748 , 
23845578428858560 , 
23842667769304180 , 
23839757465033236 , 
23836847516002364 , 
23833937922168196 , 
23831028683487384 , 
23828119799916568 , 
23825211271412408 , 
23822303097931564 , 
23819395279430696 , 
23816487815866480 , 
23813580707195584 , 
23810673953374696 , 
23807767554360500 , 
23804861510109684 , 
23801955820578948 , 
23799050485724996 , 
23796145505504528 , 
23793240879874260 , 
23790336608790912 , 
23787432692211208 , 
23784529130091868 , 
23781625922389632 , 
23778723069061240 , 
23775820570063432 , 
23772918425352960 , 
23770016634886580 , 
23767115198621048 , 
23764214116513132 , 
23761313388519600 , 
23758413014597228 , 
23755512994702800 , 
23752613328793104 , 
23749714016824924 , 
23746815058755064 , 
23743916454540324 , 
23741018204137508 , 
23738120307503432 , 
23735222764594916 , 
23732325575368780 , 
23729428739781852 , 
23726532257790968 , 
23723636129352968 , 
23720740354424692 , 
23717844932962992 , 
23714949864924724 , 
23712055150266748 , 
23709160788945924 , 
23706266780919132 , 
23703373126143240 , 
23700479824575136 , 
23697586876171700 , 
23694694280889828 , 
23691802038686412 , 
23688910149518360 , 
23686018613342576 , 
23683127430115976 , 
23680236599795476 , 
23677346122337996 , 
23674455997700468 , 
23671566225839828 , 
23668676806713012 , 
23665787740276964 , 
23662899026488632 , 
23660010665304976 , 
23657122656682952 , 
23654235000579528 , 
23651347696951672 , 
23648460745756360 , 
23645574146950576 , 
23642687900491304 , 
23639802006335536 , 
23636916464440268 , 
23634031274762504 , 
23631146437259248 , 
23628261951887516 , 
23625377818604324 , 
23622494037366696 , 
23619610608131660 , 
23616727530856248 , 
23613844805497500 , 
23610962432012464 , 
23608080410358184 , 
23605198740491712 , 
23602317422370116 , 
23599436455950456 , 
23596555841189804 , 
23593675578045236 , 
23590795666473828 , 
23587916106432672 , 
23585036897878852 , 
23582158040769472 , 
23579279535061632 , 
23576401380712436 , 
23573523577679000 , 
23570646125918436 , 
23567769025387872 , 
23564892276044432 , 
23562015877845252 , 
23559139830747472 , 
23556264134708228 , 
23553388789684676 , 
23550513795633964 , 
23547639152513256 , 
23544764860279720 , 
23541890918890516 , 
23539017328302824 , 
23536144088473824 , 
23533271199360704 , 
23530398660920648 , 
23527526473110860 , 
23524654635888536 , 
23521783149210880 , 
23518912013035112 , 
23516041227318440 , 
23513170792018088 , 
23510300707091288 , 
23507430972495268 , 
23504561588187264 , 
23501692554124524 , 
23498823870264292 , 
23495955536563824 , 
23493087552980376 , 
23490219919471216 , 
23487352635993608 , 
23484485702504828 , 
23481619118962156 , 
23478752885322876 , 
23475887001544276 , 
23473021467583656 , 
23470156283398308 , 
23467291448945548 , 
23464426964182676 , 
23461562829067016 , 
23458699043555888 , 
23455835607606612 , 
23452972521176528 , 
23450109784222964 , 
23447247396703268 , 
23444385358574788 , 
23441523669794872 , 
23438662330320880 , 
23435801340110172 , 
23432940699120116 , 
23430080407308092 , 
23427220464631472 , 
23424360871047640 , 
23421501626513984 , 
23418642730987904 , 
23415784184426792 , 
23412925986788052 , 
23410068138029100 , 
23407210638107348 , 
23404353486980216 , 
23401496684605124 , 
23398640230939512 , 
23395784125940808 , 
23392928369566452 , 
23390072961773896 , 
23387217902520588 , 
23384363191763984 , 
23381508829461544 , 
23378654815570740 , 
23375801150049036 , 
23372947832853916 , 
23370094863942860 , 
23367242243273356 , 
23364389970802892 , 
23361538046488972 , 
23358686470289096 , 
23355835242160772 , 
23352984362061516 , 
23350133829948844 , 
23347283645780280 , 
23344433809513356 , 
23341584321105600 , 
23338735180514560 , 
23335886387697772 , 
23333037942612788 , 
23330189845217164 , 
23327342095468460 , 
23324494693324244 , 
23321647638742084 , 
23318800931679552 , 
23315954572094232 , 
23313108559943712 , 
23310262895185580 , 
23307417577777432 , 
23304572607676872 , 
23301727984841508 , 
23298883709228944 , 
23296039780796808 , 
23293196199502712 , 
23290352965304288 , 
23287510078159172 , 
23284667538024992 , 
23281825344859400 , 
23278983498620040 , 
23276141999264568 , 
23273300846750640 , 
23270460041035920 , 
23267619582078076 , 
23264779469834780 , 
23261939704263716 , 
23259100285322564 , 
23256261212969016 , 
23253422487160764 , 
23250584107855512 , 
23247746075010960 , 
23244908388584824 , 
23242071048534812 , 
23239234054818648 , 
23236397407394056 , 
23233561106218768 , 
23230725151250520 , 
23227889542447052 , 
23225054279766112 , 
23222219363165448 , 
23219384792602820 , 
23216550568035988 , 
23213716689422720 , 
23210883156720784 , 
23208049969887964 , 
23205217128882036 , 
23202384633660788 , 
23199552484182012 , 
23196720680403512 , 
23193889222283084 , 
23191058109778540 , 
23188227342847692 , 
23185396921448356 , 
23182566845538356 , 
23179737115075524 , 
23176907730017692 , 
23174078690322700 , 
23171249995948388 , 
23168421646852608 , 
23165593642993212 , 
23162765984328064 , 
23159938670815028 , 
23157111702411968 , 
23154285079076764 , 
23151458800767296 , 
23148632867441444 , 
23145807279057104 , 
23142982035572172 , 
23140157136944544 , 
23137332583132132 , 
23134508374092836 , 
23131684509784584 , 
23128860990165292 , 
23126037815192884 , 
23123214984825292 , 
23120392499020460 , 
23117570357736320 , 
23114748560930824 , 
23111927108561920 , 
23109106000587572 , 
23106285236965732 , 
23103464817654380 , 
23100644742611476 , 
23097825011795008 , 
23095005625162952 , 
23092186582673300 , 
23089367884284040 , 
23086549529953176 , 
23083731519638708 , 
23080913853298644 , 
23078096530890996 , 
23075279552373788 , 
23072462917705040 , 
23069646626842780 , 
23066830679745044 , 
23064015076369872 , 
23061199816675304 , 
23058384900619396 , 
23055570328160196 , 
23052756099255768 , 
23049942213864176 , 
23047128671943484 , 
23044315473451776 , 
23041502618347128 , 
23038690106587624 , 
23035877938131356 , 
23033066112936416 , 
23030254630960912 , 
23027443492162940 , 
23024632696500620 , 
23021822243932060 , 
23019012134415388 , 
23016202367908724 , 
23013392944370204 , 
23010583863757964 , 
23007775126030140 , 
23004966731144884 , 
23002158679060344 , 
22999350969734684 , 
22996543603126056 , 
22993736579192632 , 
22990929897892584 , 
22988123559184088 , 
22985317563025328 , 
22982511909374492 , 
22979706598189768 , 
22976901629429360 , 
22974097003051464 , 
22971292719014296 , 
22968488777276060 , 
22965685177794980 , 
22962881920529276 , 
22960079005437176 , 
22957276432476916 , 
22954474201606732 , 
22951672312784872 , 
22948870765969580 , 
22946069561119108 , 
22943268698191720 , 
22940468177145680 , 
22937667997939252 , 
22934868160530712 , 
22932068664878340 , 
22929269510940420 , 
22926470698675244 , 
22923672228041100 , 
22920874098996296 , 
22918076311499128 , 
22915278865507912 , 
22912481760980960 , 
22909684997876592 , 
22906888576153132 , 
22904092495768916 , 
22901296756682272 , 
22898501358851544 , 
22895706302235076 , 
22892911586791216 , 
22890117212478324 , 
22887323179254760 , 
22884529487078888 , 
22881736135909076 , 
22878943125703708 , 
22876150456421156 , 
22873358128019812 , 
22870566140458064 , 
22867774493694308 , 
22864983187686948 , 
22862192222394388 , 
22859401597775040 , 
22856611313787324 , 
22853821370389652 , 
22851031767540460 , 
22848242505198176 , 
22845453583321236 , 
22842665001868084 , 
22839876760797164 , 
22837088860066932 , 
22834301299635840 , 
22831514079462356 , 
22828727199504940 , 
22825940659722072 , 
22823154460072224 , 
22820368600513880 , 
22817583081005528 , 
22814797901505656 , 
22812013061972772 , 
22809228562365368 , 
22806444402641956 , 
22803660582761052 , 
22800877102681168 , 
22798093962360828 , 
22795311161758564 , 
22792528700832908 , 
22789746579542392 , 
22786964797845568 , 
22784183355700976 , 
22781402253067176 , 
22778621489902724 , 
22775841066166184 , 
22773060981816120 , 
22770281236811112 , 
22767501831109732 , 
22764722764670572 , 
22761944037452212 , 
22759165649413252 , 
22756387600512284 , 
22753609890707920 , 
22750832519958768 , 
22748055488223432 , 
22745278795460544 , 
22742502441628720 , 
22739726426686592 , 
22736950750592792 , 
22734175413305960 , 
22731400414784744 , 
22728625754987788 , 
22725851433873748 , 
22723077451401284 , 
22720303807529064 , 
22717530502215748 , 
22714757535420020 , 
22711984907100556 , 
22709212617216040 , 
22706440665725160 , 
22703669052586616 , 
22700897777759104 , 
22698126841201328 , 
22695356242872000 , 
22692585982729836 , 
22689816060733552 , 
22687046476841876 , 
22684277231013536 , 
22681508323207268 , 
22678739753381812 , 
22675971521495916 , 
22673203627508324 , 
22670436071377796 , 
22667668853063088 , 
22664901972522972 , 
22662135429716212 , 
22659369224601584 , 
22656603357137872 , 
22653837827283860 , 
22651072634998336 , 
22648307780240096 , 
22645543262967944 , 
22642779083140680 , 
22640015240717120 , 
22637251735656072 , 
22634488567916368 , 
22631725737456824 , 
22628963244236272 , 
22626201088213552 , 
22623439269347504 , 
22620677787596968 , 
22617916642920800 , 
22615155835277852 , 
22612395364626988 , 
22609635230927076 , 
22606875434136980 , 
22604115974215580 , 
22601356851121756 , 
22598598064814396 , 
22595839615252388 , 
22593081502394628 , 
22590323726200020 , 
22587566286627464 , 
22584809183635876 , 
22582052417184172 , 
22579295987231272 , 
22576539893736100 , 
22573784136657588 , 
22571028715954672 , 
22568273631586296 , 
22565518883511404 , 
22562764471688944 , 
22560010396077876 , 
22557256656637160 , 
22554503253325764 , 
22551750186102652 , 
22548997454926808 , 
22546245059757212 , 
22543493000552848 , 
22540741277272704 , 
22537989889875784 , 
22535238838321080 , 
22532488122567608 , 
22529737742574372 , 
22526987698300388 , 
22524237989704680 , 
22521488616746276 , 
22518739579384204 , 
22515990877577500 , 
22513242511285204 , 
22510494480466368 , 
22507746785080036 , 
22504999425085268 , 
22502252400441124 , 
22499505711106672 , 
22496759357040984 , 
22494013338203132 , 
22491267654552196 , 
22488522306047268 , 
22485777292647436 , 
22483032614311796 , 
22480288270999452 , 
22477544262669504 , 
22474800589281068 , 
22472057250793260 , 
22469314247165200 , 
22466571578356012 , 
22463829244324828 , 
22461087245030788 , 
22458345580433028 , 
22455604250490700 , 
22452863255162948 , 
22450122594408928 , 
22447382268187808 , 
22444642276458748 , 
22441902619180924 , 
22439163296313508 , 
22436424307815680 , 
22433685653646628 , 
22430947333765544 , 
22428209348131620 , 
22425471696704060 , 
22422734379442068 , 
22419997396304860 , 
22417260747251644 , 
22414524432241644 , 
22411788451234088 , 
22409052804188204 , 
22406317491063228 , 
22403582511818400 , 
22400847866412968 , 
22398113554806184 , 
22395379576957296 , 
22392645932825572 , 
22389912622370276 , 
22387179645550676 , 
22384447002326048 , 
22381714692655676 , 
22378982716498844 , 
22376251073814836 , 
22373519764562956 , 
22370788788702500 , 
22368058146192776 , 
22365327836993092 , 
22362597861062760 , 
22359868218361108 , 
22357138908847456 , 
22354409932481136 , 
22351681289221480 , 
22348952979027832 , 
22346225001859532 , 
22343497357675936 , 
22340770046436396 , 
22338043068100272 , 
22335316422626928 , 
22332590109975736 , 
22329864130106072 , 
22327138482977308 , 
22324413168548836 , 
22321688186780044 , 
22318963537630328 , 
22316239221059084 , 
22313515237025716 , 
22310791585489640 , 
22308068266410264 , 
22305345279747008 , 
22302622625459300 , 
22299900303506568 , 
22297178313848244 , 
22294456656443768 , 
22291735331252588 , 
22289014338234148 , 
22286293677347904 , 
22283573348553312 , 
22280853351809840 , 
22278133687076960 , 
22275414354314136 , 
22272695353480856 , 
22269976684536600 , 
22267258347440856 , 
22264540342153116 , 
22261822668632884 , 
22259105326839660 , 
22256388316732952 , 
22253671638272276 , 
22250955291417148 , 
22248239276127092 , 
22245523592361636 , 
22242808240080312 , 
22240093219242660 , 
22237378529808220 , 
22234664171736548 , 
22231950144987188 , 
22229236449519700 , 
22226523085293652 , 
22223810052268604 , 
22221097350404132 , 
22218384979659816 , 
22215672939995236 , 
22212961231369980 , 
22210249853743640 , 
22207538807075816 , 
22204828091326104 , 
22202117706454116 , 
22199407652419464 , 
22196697929181768 , 
22193988536700640 , 
22191279474935716 , 
22188570743846624 , 
22185862343393004 , 
22183154273534492 , 
22180446534230740 , 
22177739125441400 , 
22175032047126120 , 
22172325299244572 , 
22169618881756416 , 
22166912794621328 , 
22164207037798976 , 
22161501611249052 , 
22158796514931232 , 
22156091748805212 , 
22153387312830688 , 
22150683206967356 , 
22147979431174932 , 
22145275985413116 , 
22142572869641628 , 
22139870083820188 , 
22137167627908520 , 
22134465501866356 , 
22131763705653432 , 
22129062239229488 , 
22126361102554264 , 
22123660295587516 , 
22120959818289000 , 
22118259670618468 , 
22115559852535692 , 
22112860364000436 , 
22110161204972480 , 
22107462375411596 , 
22104763875277576 , 
22102065704530208 , 
22099367863129280 , 
22096670351034596 , 
22093973168205964 , 
22091276314603184 , 
22088579790186072 , 
22085883594914452 , 
22083187728748140 , 
22080492191646972 , 
22077796983570776 , 
22075102104479396 , 
22072407554332668 , 
22069713333090440 , 
22067019440712572 , 
22064325877158920 , 
22061632642389340 , 
22058939736363708 , 
22056247159041892 , 
22053554910383772 , 
22050862990349228 , 
22048171398898148 , 
22045480135990428 , 
22042789201585956 , 
22040098595644644 , 
22037408318126392 , 
22034718368991112 , 
22032028748198728 , 
22029339455709152 , 
22026650491482316 , 
22023961855478148 , 
22021273547656588 , 
22018585567977576 , 
22015897916401056 , 
22013210592886980 , 
22010523597395304 , 
22007836929885988 , 
22005150590319000 , 
22002464578654308 , 
21999778894851888 , 
21997093538871716 , 
21994408510673784 , 
21991723810218080 , 
21989039437464596 , 
21986355392373336 , 
21983671674904300 , 
21980988285017500 , 
21978305222672952 , 
21975622487830672 , 
21972940080450684 , 
21970258000493020 , 
21967576247917712 , 
21964894822684796 , 
21962213724754324 , 
21959532954086336 , 
21956852510640888 , 
21954172394378040 , 
21951492605257856 , 
21948813143240400 , 
21946134008285748 , 
21943455200353980 , 
21940776719405172 , 
21938098565399412 , 
21935420738296800 , 
21932743238057428 , 
21930066064641400 , 
21927389218008820 , 
21924712698119800 , 
21922036504934460 , 
21919360638412920 , 
21916685098515308 , 
21914009885201752 , 
21911334998432392 , 
21908660438167364 , 
21905986204366820 , 
21903312296990908 , 
21900638715999780 , 
21897965461353604 , 
21895292533012540 , 
21892619930936760 , 
21889947655086440 , 
21887275705421760 , 
21884604081902900 , 
21881932784490056 , 
21879261813143420 , 
21876591167823192 , 
21873920848489572 , 
21871250855102776 , 
21868581187623016 , 
21865911846010508 , 
21863242830225476 , 
21860574140228152 , 
21857905775978768 , 
21855237737437564 , 
